28 32 70 190 242 
73 152 191 244 309 
82 86 204 265 273 
231 252 259 288 380 
76 140 221 275 331 
44 127 143 210 348 
75 76 286 333 335 
86 123 172 222 316 
146 232 246 268 398 
11 12 13 25 32 
10 12 22 25 26 
10 13 19 25 32 
12 19 21 28 32 
20 23 27 30 164 
16 18 20 27 29 
15 18 20 24 29 
19 21 22 26 108 
15 16 23 24 29 
12 13 21 28 32 
14 15 27 29 299 
17 19 26 28 108 
11 17 25 26 108 
14 24 30 31 299 
18 23 29 31 299 
11 12 22 26 32 
17 22 25 108 190 
14 20 29 164 299 
1 19 21 32 108 
15 16 20 24 27 
14 23 31 164 362 
23 24 30 164 299 
1 13 25 28 190 
43 49 182 223 382 
60 115 160 304 334 
84 138 298 400 402 
46 85 118 124 379 
54 59 145 279 320 
59 103 154 320 350 
249 260 322 339 359 
160 165 170 203 364 
156 171 255 277 280 
175 192 258 300 326 
33 49 341 368 382 
6 65 143 193 254 
181 229 256 263 345 
36 166 253 330 379 
42 94 301 307 326 
50 75 161 185 211 
33 43 117 183 382 
48 128 161 211 397 
84 97 133 138 285 
57 98 349 354 381 
56 61 72 200 245 
145 163 279 312 318 
131 173 193 197 357 
53 72 282 283 289 
98 243 287 294 371 
106 122 234 271 340 
38 225 279 319 320 
34 95 115 154 377 
53 245 255 280 325 
109 221 331 339 359 
107 135 305 344 384 
62 109 177 331 346 
44 186 193 329 357 
96 182 270 308 317 
92 119 168 188 189 
76 185 208 275 335 
83 121 178 225 319 
1 32 155 190 242 
201 228 239 290 291 
53 56 282 297 325 
179 212 213 250 309 
99 170 218 342 395 
7 48 201 211 335 
7 140 275 286 335 
102 169 292 355 366 
79 266 321 324 358 
78 266 284 299 324 
83 206 257 261 264 
89 191 251 338 373 
3 86 125 273 315 
69 121 264 321 358 
35 51 138 281 285 
36 118 272 308 345 
3 8 82 265 316 
125 137 200 328 356 
211 224 291 311 361 
152 192 220 300 347 
99 227 337 342 376 
256 270 295 308 345 
171 188 189 255 325 
136 227 241 365 376 
47 248 252 301 307 
38 60 115 154 320 
33 66 182 247 382 
51 150 176 285 296 
52 57 204 349 371 
74 90 218 337 342 
126 238 284 293 324 
259 260 307 326 352 
77 169 252 292 327 
38 154 163 261 318 
131 157 168 173 237 
141 226 306 363 383 
58 314 340 355 366 
63 278 306 378 384 
17 26 28 190 236 
62 64 180 331 375 
158 172 271 332 396 
124 181 229 308 317 
142 203 207 304 372 
141 199 233 378 383 
148 209 215 218 241 
34 60 95 154 377 
179 243 250 287 313 
33 49 223 247 341 
36 85 267 276 330 
67 162 189 303 343 
125 137 177 315 360 
69 83 178 238 358 
58 234 271 340 396 
8 172 184 222 370 
36 111 197 308 379 
82 87 120 137 356 
178 206 257 350 353 
133 138 210 254 298 
50 84 88 211 281 
202 248 310 351 373 
158 180 316 332 374 
55 104 173 197 262 
186 216 289 329 336 
51 97 127 150 254 
104 157 162 175 258 
63 107 226 278 384 
93 155 236 241 365 
87 120 125 323 360 
35 51 84 127 133 
149 174 228 291 361 
5 76 275 286 346 
105 113 199 233 378 
34 112 187 304 334 
6 44 151 181 193 
152 212 220 244 274 
37 54 163 312 318 
9 246 263 272 276 
115 154 163 312 377 
114 165 218 372 395 
139 167 174 233 363 
97 133 228 296 336 
143 181 246 263 348 
89 144 191 220 244 
198 288 374 375 380 
38 60 95 103 115 
70 136 190 236 241 
41 171 212 250 274 
104 134 249 262 367 
110 153 271 288 374 
123 184 222 370 381 
34 40 170 240 364 
48 50 185 232 276 
119 134 168 175 343 
54 145 147 312 377 
27 30 31 284 362 
148 203 209 364 372 
46 208 230 253 322 
149 214 217 361 363 
67 104 119 173 237 
77 102 231 252 355 
74 160 240 342 364 
41 92 195 255 274 
8 110 123 332 396 
55 104 131 237 357 
139 149 199 217 233 
42 134 162 300 343 
97 224 285 296 311 
64 120 180 315 360 
69 121 126 238 353 
73 213 250 309 313 
109 130 177 374 375 
45 111 151 256 263 
33 66 96 223 270 
43 49 117 368 393 
122 123 159 234 396 
48 68 161 267 335 
65 132 194 289 357 
34 115 142 334 377 
67 92 189 297 325 
67 92 119 171 303 
1 26 32 70 108 
81 152 244 251 338 
42 81 89 300 301 
44 55 65 143 197 
65 186 237 297 357 
171 220 274 303 347 
239 290 323 328 369 
55 111 124 131 193 
153 259 359 375 380 
113 141 174 217 233 
53 87 245 328 356 
7 71 75 88 333 
129 292 310 351 373 
40 112 148 165 372 
265 269 349 354 371 
209 215 227 342 364 
80 126 257 321 324 
112 240 304 372 395 
46 68 166 275 330 
148 165 205 215 364 
6 127 138 298 348 
48 50 75 88 128 
73 144 195 250 274 
73 116 179 309 313 
167 176 217 224 361 
93 114 205 209 227 
71 132 228 283 290 
167 174 199 214 296 
74 99 114 148 241 
273 277 294 302 371 
89 144 152 195 347 
5 62 322 331 339 
8 123 265 269 370 
117 182 247 270 295 
88 176 214 311 361 
59 69 319 350 353 
105 135 141 278 306 
90 93 205 215 376 
139 150 216 291 336 
45 111 256 295 317 
166 249 253 322 367 
169 288 314 340 355 
9 50 161 276 398 
113 149 174 199 363 
58 106 122 184 396 
196 323 346 360 369 
1 108 136 242 365 
104 168 173 194 357 
100 121 178 293 358 
196 286 290 333 369 
160 170 207 304 395 
93 114 136 155 218 
1 70 236 365 376 
57 116 287 294 313 
2 144 152 191 220 
53 61 200 280 356 
9 146 151 263 268 
96 117 223 341 382 
94 129 301 310 327 
39 230 258 260 352 
73 116 156 179 274 
81 191 338 351 373 
94 102 169 248 327 
46 230 262 367 379 
44 127 133 329 336 
41 61 92 171 325 
45 91 229 295 345 
80 126 206 350 353 
134 175 249 326 352 
4 198 260 359 380 
39 101 249 352 359 
80 103 279 318 350 
131 157 253 367 379 
45 151 181 246 272 
80 83 206 279 319 
3 86 204 222 269 
78 79 293 299 362 
68 118 161 185 330 
9 246 298 348 400 
204 222 265 354 370 
66 91 182 223 295 
110 122 158 314 340 
45 85 146 263 345 
82 219 245 302 356 
156 171 195 212 250 
5 68 76 140 208 
118 146 161 232 267 
41 280 287 294 302 
107 135 226 378 384 
54 59 264 318 319 
41 61 245 277 302 
35 84 128 399 402 
56 72 186 289 297 
56 200 216 289 290 
79 100 164 293 362 
51 84 97 176 311 
7 76 140 239 333 
116 243 250 277 294 
153 158 231 314 380 
56 132 186 282 283 
196 216 239 283 328 
71 88 139 228 361 
102 129 202 310 327 
100 238 266 358 362 
57 219 277 302 371 
91 223 229 256 270 
97 150 176 214 217 
72 188 194 282 325 
35 138 210 348 400 
27 31 79 266 362 
42 89 175 192 343 
47 94 192 248 373 
219 273 277 280 294 
119 171 189 195 347 
34 112 207 240 334 
63 344 384 389 394 
105 107 226 378 383 
47 94 101 259 326 
85 91 111 124 317 
2 73 179 213 244 
129 202 248 292 327 
88 128 176 224 285 
54 145 147 163 377 
116 179 213 243 250 
158 231 271 288 340 
82 86 120 177 316 
8 86 130 315 332 
66 111 124 229 308 
54 80 103 261 279 
59 69 83 225 264 
37 38 59 95 154 
78 83 206 324 358 
39 166 221 230 339 
137 196 235 328 360 
78 100 126 206 321 
61 72 92 188 255 
47 101 258 307 352 
102 248 252 292 310 
87 137 196 290 323 
65 132 186 254 336 
36 46 118 208 267 
62 64 109 221 346 
8 110 130 172 316 
7 71 201 239 286 
34 115 142 187 304 
7 68 75 76 185 
132 150 228 254 329 
74 90 99 342 376 
2 81 191 244 251 
39 62 221 322 359 
58 106 271 314 355 
33 43 117 247 382 
74 90 99 170 205 
119 162 175 300 347 
63 305 384 392 394 
45 85 91 256 272 
64 140 235 331 369 
195 220 300 303 343 
6 210 268 298 400 
52 98 204 354 371 
38 126 257 261 353 
81 129 202 251 373 
101 249 258 260 326 
126 178 225 257 350 
52 204 269 349 381 
106 169 231 340 366 
87 125 200 245 273 
55 65 173 186 194 
78 121 238 293 321 
39 62 198 260 339 
120 137 177 235 323 
139 167 214 224 291 
164 266 284 293 299 
105 149 167 233 383 
40 160 170 205 209 
93 136 236 242 376 
77 106 169 340 355 
157 230 249 253 262 
43 183 387 388 393 
196 235 239 286 346 
123 159 222 269 381 
98 204 219 294 349 
148 165 203 207 395 
81 129 251 301 351 
130 153 158 180 375 
109 153 180 198 374 
90 93 227 337 365 
60 115 147 154 163 
107 113 278 306 383 
36 46 124 253 262 
4 153 198 259 288 
52 159 269 354 370 
33 43 96 247 341 
105 113 306 363 378 
63 107 135 278 344 
386 387 388 390 393 
385 387 388 390 393 
368 385 388 390 393 
368 385 386 387 393 
305 344 391 392 394 
385 386 387 388 393 
305 344 389 392 394 
305 344 389 391 394 
183 368 386 388 390 
305 344 389 391 392 
74 148 207 240 372 
110 122 123 172 184 
50 232 281 399 401 
9 232 401 403 404 
281 397 401 406 408 
35 268 298 402 409 
397 398 399 404 406 
35 281 400 409 411 
398 405 413 414 421 
398 401 403 407 410 
400 403 409 412 413 
399 401 407 408 416 
401 404 406 410 415 
399 406 411 416 419 
402 405 411 412 417 
403 404 407 414 420 
402 408 409 417 419 
405 409 417 418 424 
403 405 418 421 426 
403 410 413 420 421 
407 410 416 420 422 
406 415 419 422 425 
409 411 412 423 424 
412 413 421 424 426 
408 411 416 423 425 
410 414 415 428 429 
403 413 414 426 427 
415 416 425 428 432 
417 419 424 430 431 
417 418 423 426 430 
416 419 422 431 432 
418 421 424 427 433 
421 426 429 433 434 
420 422 429 432 434 
420 421 427 428 434 
423 424 431 433 435 
423 425 430 432 435 
425 428 431 434 435 
424 426 427 430 435 
427 428 429 432 435 
430 431 432 433 434 
