0.983176 -0.182029 0.015203
-0.559371 0.051522 -0.827315
0.663203 0.095615 0.742307
0.448702 0.024779 0.893338
-0.011873 0.058475 0.998218
0.068580 0.238469 -0.968726
0.315832 0.329597 0.889728
0.993290 0.021962 0.113544
-0.481670 0.388134 0.785714
-0.141805 0.968342 0.205440
-0.279984 0.919296 0.276593
0.858670 -0.490555 0.148464
0.952083 -0.183669 0.244548
-0.908971 -0.229737 -0.347839
-0.978287 -0.207042 0.009351
-0.103939 0.893933 0.435983
-0.754228 -0.513669 -0.409005
0.772375 0.607138 0.186600
0.990316 -0.129031 0.051245
-0.944131 -0.327840 0.033722
0.351179 0.006663 -0.936285
-0.592745 -0.748220 -0.298027
0.963399 -0.243774 -0.111520
0.714924 0.697202 0.052855
-0.573877 0.770194 0.278329
-0.958076 0.210293 -0.194596
-0.944083 0.182624 0.274510
0.992711 -0.058062 -0.105607
0.004426 0.852345 0.522961
0.350874 0.251851 -0.901919
0.990255 0.033383 -0.135205
0.847168 0.111102 0.519579
0.318091 -0.309889 0.895984
0.858591 -0.456423 0.233452
0.103663 0.765952 -0.634485
-0.969871 -0.047258 0.238992
0.753968 0.351137 -0.555189
-0.331440 -0.133115 -0.934039
-0.723013 0.123937 0.679626
0.342295 0.086535 -0.935599
0.750742 0.246172 -0.613014
-0.964192 0.065810 -0.256909
0.522696 -0.798735 -0.298014
-0.010210 0.086179 -0.996227
-0.871416 0.379143 -0.311264
-0.872604 -0.190793 0.449622
-0.320531 0.031998 0.946698
-0.026792 0.543824 0.838771
-0.088947 -0.021194 0.995811
0.119559 0.438658 0.890666
0.473763 0.375182 -0.796735
0.139351 -0.678019 -0.721715
0.762496 0.215884 -0.609914
0.521957 -0.204967 0.827979
-0.529920 -0.169216 -0.830994
0.455626 0.172606 -0.873277
0.783745 0.044830 -0.619462
0.860451 -0.015220 0.509305
0.683298 0.307968 -0.662012
0.029931 -0.982779 -0.182344
0.206566 0.090897 -0.974201
-0.265172 0.015597 0.964075
-0.326712 -0.039360 0.944304
0.203812 -0.026913 0.978640
-0.042853 -0.171207 -0.984303
0.650984 -0.450647 0.610850
-0.271084 0.221507 -0.936722
-0.041381 0.097482 0.994377
0.708095 0.167745 -0.685903
0.219826 -0.037401 0.974822
0.992476 -0.044093 0.114228
0.785040 0.015152 -0.619259
0.113855 0.009270 -0.993454
0.480658 -0.190186 0.856036
0.163986 0.596229 0.785888
0.026871 -0.055522 0.998096
0.164443 0.060893 0.984505
-0.344614 -0.125533 0.930313
-0.415028 -0.054328 0.908185
-0.194608 -0.118519 0.973695
-0.994872 -0.089128 0.047808
0.726357 0.095641 0.680631
0.925377 0.063173 0.373746
0.276360 0.937208 -0.212761
-0.012757 -0.342771 0.939332
0.624169 -0.007096 0.781257
0.967036 0.254565 -0.006169
0.521884 0.125888 0.843676
-0.763588 0.083605 -0.640268
0.987997 -0.131555 -0.080970
-0.366591 0.212947 0.905684
-0.171262 0.148439 -0.973979
-0.735850 0.005102 -0.677125
-0.715174 -0.045817 0.697443
0.316007 -0.948709 -0.009530
0.776659 -0.536803 -0.329610
0.415202 0.107949 -0.903302
0.304120 -0.011019 -0.952570
0.395404 -0.194083 0.897768
-0.741855 -0.205254 -0.638375
-0.785034 0.004335 0.619438
-0.761189 0.091997 -0.641972
-0.799617 -0.411347 0.437500
-0.820033 0.160712 -0.549288
-0.062990 0.373793 0.925371
-0.684772 0.039108 0.727707
-0.489564 -0.556204 0.671538
-0.729504 -0.047662 -0.682313
0.429345 -0.029603 0.902655
-0.679539 -0.053737 0.731669
0.392240 -0.458162 -0.797643
-0.779839 -0.294909 0.552160
-0.252302 -0.328937 -0.910024
-0.995712 0.057617 0.072379
-0.084966 -0.849126 0.521312
0.974748 0.017472 -0.222622
-0.771833 0.567802 -0.286139
-0.675882 0.248955 0.693690
-0.363692 0.198425 -0.910141
0.864464 0.026679 0.501986
0.967110 0.002338 -0.254348
0.169954 -0.076113 0.982508
0.998383 0.047474 -0.031257
-0.993339 -0.112738 -0.023821
0.619445 0.102066 0.778377
-0.920483 -0.063619 -0.385569
-0.147577 0.200768 -0.968459
0.114149 0.629420 0.768635
-0.271468 0.055401 0.960852
-0.768418 -0.000192 0.639949
-0.861235 0.164581 -0.480820
0.376678 -0.247296 -0.892725
0.277051 0.055134 -0.959272
-0.976896 0.166370 -0.134143
0.797128 0.487454 -0.356336
-0.921828 -0.078652 -0.379536
0.932194 0.074576 0.354192
0.051516 0.529266 -0.846891
-0.663447 -0.558250 0.498192
0.171446 -0.058410 0.983460
0.491333 0.152133 -0.857582
0.281658 -0.490211 0.824840
-0.355682 0.036818 -0.933882
-0.372258 0.003164 -0.928124
0.762395 -0.238434 0.601584
0.035582 0.432067 0.901139
-0.883726 -0.280963 0.374283
-0.957234 0.108227 0.268311
-0.471589 -0.287237 0.833726
0.682991 -0.250738 -0.686042
-0.463053 0.178820 -0.868105
-0.557698 -0.011742 -0.829961
-0.133541 -0.002296 0.991041
-0.871031 -0.430211 -0.237116
-0.791559 -0.068107 0.607285
-0.925972 0.048797 -0.374427
-0.976844 0.194039 -0.090136
0.588756 -0.074785 0.804844
0.969121 -0.211775 -0.126318
0.888871 -0.215673 -0.404219
-0.119880 0.475418 0.871554
-0.769649 0.094236 -0.631475
-0.647605 -0.275593 0.710391
-0.672499 -0.146370 -0.725480
-0.673981 0.317636 -0.666976
-0.568175 0.162690 0.806666
0.512115 0.460379 0.725114
-0.285007 0.146336 -0.947289
0.401840 0.021433 0.915459
0.977150 -0.157731 0.142473
-0.089217 0.043478 -0.995063
0.557963 0.028551 0.829374
-0.444851 0.154643 -0.882152
-0.396113 -0.545148 -0.738856
-0.924481 0.092548 -0.369825
0.687625 0.392296 -0.610963
0.396919 0.063155 0.915678
-0.121151 0.007120 -0.992608
-0.846818 0.185704 -0.498411
-0.519155 -0.040342 0.853727
-0.308365 0.008405 -0.951231
-0.005287 -0.079838 0.996794
-0.744754 0.632559 -0.212630
-0.404351 0.018322 0.914420
-0.006030 0.686085 0.727497
0.115603 -0.128261 -0.984980
0.102506 -0.899005 0.425773
-0.315338 0.130415 -0.939976
0.467396 0.168172 -0.867905
-0.578287 0.069047 0.812906
-0.704620 0.055828 -0.707386
-0.997675 0.045757 -0.050512
-0.361691 -0.187991 -0.913148
0.106030 0.000836 -0.994363
-0.318418 0.018648 -0.947767
0.919905 0.071479 0.385573
-0.815344 -0.208152 -0.540265
-0.537276 -0.022443 0.843108
0.474381 0.169096 -0.863927
0.977915 0.164079 -0.129462
0.822180 0.315165 0.474015
-0.128273 0.064085 0.989666
-0.866105 0.116960 -0.485987
0.903910 0.082518 0.419686
0.679805 0.079117 -0.729113
-0.539539 -0.183187 0.821791
-0.425558 -0.311030 0.849801
-0.188500 -0.120134 0.974698
-0.417301 0.265495 -0.869121
0.037872 0.184787 -0.982049
0.126889 0.611501 0.781003
0.210096 -0.018514 -0.977506
-0.720875 0.173862 -0.670903
0.882709 0.464756 -0.069474
-0.312799 0.101812 -0.944347
0.906033 0.010714 -0.423072
0.636192 0.297253 -0.711969
-0.462955 -0.081814 0.882598
0.856019 0.052419 -0.514279
-0.593611 -0.003562 -0.804745
-0.541312 -0.000418 0.840822
0.660843 -0.078278 0.746431
-0.513275 0.656620 0.552629
0.558583 0.345734 0.753958
0.099355 0.278024 -0.955422
0.780930 0.562130 -0.272319
-0.109939 -0.000294 -0.993938
0.867024 -0.336099 -0.367840
-0.411670 0.205139 -0.887945
-0.995479 -0.007443 -0.094692
0.057006 -0.075707 0.995499
-0.183706 0.536853 0.823432
-0.717803 -0.626025 -0.304716
-0.352126 -0.034908 0.935301
0.824993 0.077114 0.559856
-0.469723 -0.129542 -0.873258
-0.358590 0.131862 -0.924135
0.573118 -0.081702 -0.815390
0.918236 0.001171 0.396031
0.735380 -0.415637 0.535222
-0.937146 -0.026527 0.347927
0.980634 -0.160913 -0.111644
0.111259 -0.030532 -0.993322
-0.626941 -0.030656 -0.778463
0.881879 0.099031 -0.460958
-0.401640 0.846061 -0.350522
-0.339854 0.415421 -0.843756
-0.445357 -0.033353 0.894731
-0.737619 0.129902 0.662603
-0.909566 0.114534 -0.399465
-0.973174 -0.074130 -0.217802
-0.970713 -0.001716 -0.240237
-0.889116 0.022696 0.457120
-0.075954 0.107114 -0.991341
0.060530 0.160654 -0.985153
-0.873779 0.464650 -0.143567
-0.935309 -0.157556 0.316818
-0.991580 0.113085 0.063091
0.300988 0.034788 0.952993
-0.996978 0.017384 -0.075713
-0.609355 -0.404840 0.681755
-0.982201 0.176919 -0.063091
-0.632892 0.629926 -0.450157
0.739413 0.076025 0.668946
0.627941 0.049736 0.776670
0.796179 -0.084497 0.599132
-0.128622 0.673049 0.728328
-0.381357 0.920389 0.086322
0.511922 0.015524 0.858892
-0.360076 0.067020 0.930512
0.694204 -0.061219 0.717170
-0.475533 0.196764 0.857410
0.543929 0.106784 -0.832309
0.011892 0.050465 -0.998655
-0.026165 0.051690 0.998320
-0.123127 0.531546 0.838032
0.268227 -0.012540 -0.963274
0.049820 -0.347694 -0.936284
0.843166 0.032772 0.536654
0.613609 0.079530 -0.785594
0.521258 0.626492 0.579480
0.288562 0.267357 -0.919376
0.793450 0.196768 -0.575951
-0.918572 -0.224693 -0.325174
0.564354 0.665961 -0.487852
0.597205 0.062360 0.799661
0.756186 -0.002302 -0.654353
-0.688254 -0.025013 0.725039
0.375398 0.278726 -0.883962
0.981048 0.181445 0.067984
-0.518225 -0.373597 0.769330
-0.782927 -0.339143 0.521543
0.485435 -0.126329 -0.865098
0.823170 0.054601 -0.565163
-0.651183 0.377976 -0.658100
0.169575 -0.144185 -0.974913
-0.200022 0.108063 -0.973814
-0.012609 0.562378 -0.826784
0.555181 0.059104 0.829627
-0.824766 0.098030 -0.556911
-0.612257 0.069180 0.787627
0.883671 0.059138 -0.464359
-0.531579 0.062599 -0.844693
0.483867 -0.258116 0.836211
-0.728610 -0.148959 0.668535
-0.308821 -0.054437 0.949561
-0.778792 0.042377 0.625850
0.537162 -0.474525 0.697340
-0.163132 -0.065026 -0.984459
-0.114438 -0.080264 0.990183
0.603043 0.555008 0.572980
-0.307193 -0.315093 0.897969
0.788652 0.021644 -0.614459
-0.159728 -0.009259 0.987118
0.990383 -0.019336 0.136993
0.999992 0.002673 0.002865
0.666209 -0.655811 -0.355075
0.368441 -0.329541 0.869284
0.851447 0.292895 -0.435029
0.087056 0.145657 -0.985497
0.100972 -0.119494 0.987687
-0.275852 0.126469 0.952844
0.885000 0.041260 0.463759
-0.864233 -0.161910 0.476326
0.171019 -0.010079 -0.985216
-0.359493 0.093674 0.928434
-0.997089 -0.075822 -0.008005
0.867496 0.077931 0.491301
0.097078 -0.179027 -0.979043
-0.625986 0.357774 0.692921
0.160086 0.041258 0.986241
-0.089995 0.078644 0.992832
0.787829 0.090860 0.609155
0.699472 -0.368971 0.612046
-0.045203 0.470851 0.881054
0.504712 -0.208493 -0.837733
0.633504 -0.155448 0.757964
-0.997516 -0.032033 -0.062729
0.055834 -0.029824 0.997995
-0.335395 -0.017381 0.941917
-0.050379 -0.047689 -0.997591
0.957532 -0.100601 0.270206
-0.675031 0.072147 -0.734254
0.256647 0.080526 -0.963145
-0.586093 0.235571 0.775242
-0.174302 -0.061757 0.982754
-0.498618 0.031671 -0.866243
-0.002269 0.520873 -0.853631
0.967077 0.057807 -0.247830
-0.935825 -0.073256 -0.344768
-0.868137 0.114553 0.482924
-0.577322 0.093190 0.811181
-0.600155 0.098161 -0.793838
0.913629 0.057746 0.402427
-0.208525 -0.046348 0.976918
0.709906 0.128719 -0.692434
-0.116274 -0.025941 -0.992878
0.957204 -0.022289 0.288553
0.270793 0.005497 0.962622
0.987836 0.025923 0.153324
0.059141 0.040445 0.997430
0.829139 -0.165180 -0.534083
-0.012140 -0.071234 0.997386
0.502445 0.228520 -0.833863
0.457058 -0.148413 -0.876967
0.346619 -0.031273 0.937485
-0.790682 0.243675 0.561645
0.671763 -0.522180 -0.525417
0.784557 0.086564 0.613984
0.503834 -0.006287 0.863778
0.345370 0.028810 -0.938024
-0.889073 0.011101 0.457631
-0.948631 0.019765 0.315767
0.422319 -0.051960 0.904957
0.370653 -0.022804 0.928491
0.694753 -0.108891 -0.710958
-0.599834 -0.196817 0.775540
-0.514629 -0.765396 -0.386426
-0.952200 -0.018583 0.304911
-0.356191 -0.053169 0.932899
0.464030 -0.748706 0.473408
0.582021 -0.686287 -0.436191
-0.391527 -0.379105 0.838443
-0.227419 -0.729233 -0.645368
-0.517007 -0.852921 -0.072318
-0.755949 -0.255217 0.602831
-0.009008 -0.453976 -0.890968
0.281141 -0.283602 0.916804
-0.379510 -0.864673 0.329109
-0.888143 0.395699 -0.233719
0.486578 -0.249532 0.837243
0.690949 -0.426343 -0.583799
-0.704071 0.684906 0.187587
0.613275 0.739514 0.277512
-0.294197 -0.263633 0.918665
-0.926773 0.025614 0.374747
0.027502 -0.092151 0.995365
-0.663112 -0.213189 0.717518
0.818171 -0.255896 0.514891
-0.193284 0.674664 -0.712369
0.322836 -0.899944 0.293049
0.886518 0.169696 -0.430453
-0.951196 -0.222821 -0.213488
-0.593110 -0.750988 0.290237
-0.212155 -0.730400 -0.649235
0.603364 -0.361392 0.710878
-0.179353 -0.254624 0.950263
0.934927 -0.345807 0.079560
0.286682 -0.414396 -0.863765
-0.925666 -0.128268 0.355936
0.698932 -0.714950 0.018456
0.169655 -0.128060 -0.977148
-0.816115 -0.209473 -0.538588
-0.905971 -0.417742 -0.068614
-0.625101 0.381094 0.681187
0.822671 0.081134 0.562698
0.565718 -0.187345 -0.803035
-0.515816 -0.025188 -0.856329
0.998106 -0.061292 0.005215
-0.728234 -0.036268 0.684369
-0.992211 -0.036798 -0.119011
0.450027 0.168508 0.876972
0.879411 0.176719 -0.442047
0.489377 0.193886 -0.850246
0.943439 0.229731 0.239053
-0.732584 0.128735 -0.668392
-0.887714 0.456584 -0.059114
-0.514741 0.224792 0.827351
-0.815456 0.539914 0.208626
0.358340 0.662285 -0.658005
0.768858 0.635712 0.068757
0.611929 0.736047 0.289444
0.160424 0.608106 -0.777477
-0.326297 0.926003 0.189866
-0.029798 0.987565 -0.154359
