-121.141998 -962.185547 -90.495621
-109.401001 -516.166016 -113.960167
192.298996 -344.006989 49.439884
-106.089996 -335.764069 149.549881
-15.681700 -25.699350 155.453003
-55.033699 192.643036 -109.122940
85.707497 87.150757 147.152023
129.335007 -399.143066 120.998863
-58.747299 276.614990 14.970690
-185.007004 -1069.790527 81.948547
-229.376007 -1066.684204 30.442053
-153.138000 -1066.736572 3.627701
-144.873993 -1064.232544 -46.152042
157.488007 -1062.712036 -87.506050
149.113007 -1068.386475 62.360847
180.442993 -1070.861816 103.935646
-189.289993 -1062.941406 -116.994354
235.005997 -1069.511597 76.070045
-129.774002 -1060.781860 -94.623352
150.557999 -1062.869751 -11.561548
-140.632996 -1055.096680 -143.392334
-214.169006 -1065.379395 -48.353550
216.802994 -1063.978271 -48.407143
217.054993 -1051.847656 14.095257
-191.335999 -1033.610718 -11.960839
-190.992004 -1029.119995 -76.017738
148.048996 -1006.577759 -22.599628
-131.750000 -1011.511169 -111.736336
165.167007 -1030.774170 32.338665
184.921005 -1015.360291 -101.546333
211.348007 -1011.200134 -58.117729
-140.063004 -1008.144287 -45.057831
-331.520996 -68.489799 18.707478
-47.828300 -545.785522 -41.504982
40.515598 294.367004 -61.866802
-143.522003 94.258888 51.157131
170.940994 -492.721008 -45.692490
102.583000 -592.824097 -81.390404
-129.595993 -145.391037 137.689941
-105.842003 -580.434509 -106.516190
73.252502 -295.260925 -133.836090
-190.294998 -282.476990 -6.181992
-366.446014 -115.628998 -21.425838
-34.573700 139.716034 -115.304955
-230.126007 178.944000 -27.156143
-121.095001 37.949570 94.613312
-183.322006 -324.653992 60.460194
24.483400 175.860962 82.575859
-388.737000 -89.947998 22.733570
28.794701 225.732971 58.879276
134.104004 241.361023 -79.151321
199.195999 -521.226013 -5.365540
129.391006 -136.044968 -79.187042
148.673996 -552.416748 39.401009
-99.601501 21.045427 -82.616402
106.108002 -67.624870 -80.982117
161.912994 -452.015991 -85.199951
16.123100 -528.815979 145.116821
179.770004 -602.311157 -73.679703
15.979700 -524.158325 -94.143776
105.432999 -203.522964 -104.309059
-31.558300 -153.101059 163.032944
433.493011 -101.695015 68.775467
48.509602 -144.363068 140.620941
-18.944000 54.241138 -108.998985
-229.806000 20.110901 -4.659764
-68.299500 -157.582962 -127.657043
-21.426901 81.746651 150.700027
201.962997 -707.624817 -102.961235
-147.878998 -910.070801 -54.247997
147.906998 67.289688 34.853321
73.897697 -115.972954 -121.174034
-16.886000 -474.656952 -128.775146
-111.702003 -712.196106 -36.449829
79.308403 151.778976 101.806046
43.664398 40.336948 152.608994
-118.432999 -546.260986 159.732819
160.313995 -843.602234 -17.624779
159.809998 -902.010681 -23.641394
146.604004 -698.569702 0.182545
-188.046997 -428.816986 -12.410139
176.850006 -296.614990 58.520901
214.839005 -739.955688 -38.294544
101.983002 293.368988 -39.933300
-173.955994 140.007996 26.733246
149.003998 -346.944000 91.928696
181.858002 -139.582993 15.514554
145.817993 187.325974 46.932961
-171.929001 -357.179993 -72.074821
-86.638802 -779.822388 -97.289864
-251.740997 92.250885 25.834631
6.408300 -209.644974 -122.528061
-184.378998 -807.191711 -131.118271
-132.505997 -350.947998 92.207596
69.796501 -517.956360 -106.113174
-263.878998 -30.895193 -19.587811
165.453995 197.349030 -74.335739
198.050995 -456.136993 -12.974849
-122.422997 -767.131409 -43.366253
129.834000 -839.437683 -95.057678
-132.231995 -240.992035 86.178627
-143.673996 -505.498047 124.148834
82.291199 -594.954041 -11.429502
-141.923004 -89.629684 -67.987129
330.855011 21.660688 33.461906
-34.003201 -525.919983 162.025818
375.162994 -84.885414 42.783268
-174.184006 -977.676392 -111.477318
15.817400 -185.966064 157.667938
73.552399 -395.877075 135.128876
-173.011993 105.360016 -54.045769
-161.391006 -534.673279 2.400608
303.444000 -11.000392 -20.970604
-196.339005 -731.654724 -83.073349
10.459200 -523.207458 -43.598576
77.694199 -460.198944 -139.024155
-389.294006 -40.007092 -16.154911
-122.848999 145.360962 77.803947
-101.665001 -204.797974 -112.250061
138.822998 -212.033035 93.842621
220.386993 -773.381348 -79.883156
45.096199 -483.825073 118.641846
134.373001 -453.988068 142.875854
-148.343994 63.914501 -4.749430
170.828003 -209.880997 45.476730
110.139000 -753.609863 -87.836349
41.420300 209.502029 -106.240936
94.442802 256.186005 22.150185
-207.057007 -472.920990 62.284847
84.462196 -298.847046 154.589905
-134.337006 -4.208934 -48.271900
82.432701 43.329231 -92.336288
96.781998 186.598038 -107.038940
-179.880005 -162.871994 -20.622953
433.906006 -67.770500 21.035877
-193.761002 -857.424500 -114.348274
153.539993 -156.835037 66.152153
67.281502 259.675995 -93.261711
187.141998 85.051399 0.677792
42.383301 -12.122548 147.820007
327.998993 32.655209 -16.667089
-93.369003 -479.567291 46.069138
-106.225998 162.108032 -104.255951
-87.612396 -409.316925 -136.099121
170.089996 -502.646362 36.871529
-139.845993 246.470001 36.455086
58.274399 -475.434753 31.518036
-183.748993 -655.110474 -60.614613
235.225998 65.433487 29.006323
137.850998 127.697029 -77.598251
-143.682999 220.773026 -79.768623
-128.516998 -414.130951 -103.722137
-21.121599 -300.786072 166.631912
62.098099 -548.371643 -50.409084
-187.794006 -877.907532 -65.631691
47.780102 -348.158936 -142.894119
-173.569000 -106.584000 7.336196
26.783400 -360.318054 139.516876
129.602005 -539.499023 125.729820
-66.765297 -607.588806 -78.215805
-33.972599 189.677963 71.431664
-158.317993 -185.861969 -72.292961
83.941704 -518.359070 42.726223
159.580994 -968.446106 -90.579819
-168.559998 -617.814270 -106.866203
-103.733002 -6.346922 132.664001
269.013000 105.555984 26.571733
-102.188004 -118.363968 -91.963844
-108.433998 -459.859070 155.262848
-77.208199 -671.326233 -70.551323
-2.792910 -286.933929 -126.392090
120.941002 -410.414063 173.228882
-109.625999 -37.726875 -81.267113
222.750000 67.499512 -36.069176
-179.802002 -226.483002 -41.150475
209.145996 210.009003 -43.090130
112.820000 -188.893066 162.576935
157.014999 -756.102356 -122.597252
30.273800 -480.060944 -148.590149
66.724701 -248.092026 138.981903
-187.990005 167.956024 -68.209839
-286.690002 -8.535275 20.024296
-449.518005 -121.054001 -9.715330
99.768402 -500.856049 178.858841
-16.712999 141.124969 112.497047
21.360701 12.402832 -98.234596
-35.331902 -472.038300 26.796738
0.167910 -158.130966 -115.072044
-42.507599 -216.387970 -136.698059
-172.304001 -959.852112 -57.331318
-183.451996 -465.714996 -72.019051
-193.080002 -334.704010 -21.193911
-92.782997 99.203934 -106.432968
-22.802700 -42.576069 -97.232712
-69.943901 -312.712952 -139.731094
138.981003 -44.844223 78.624283
-131.746994 56.374722 -62.218784
-55.936100 -233.009033 140.466934
291.259003 62.999107 -32.082378
159.141006 -132.283005 -30.901342
132.285004 114.447968 89.300827
-214.285995 -534.106995 65.514435
-170.598007 -556.233398 -75.634789
220.753998 -417.559998 32.112663
-99.320900 -708.095642 -130.767242
140.039993 -753.007935 -13.414350
-134.421005 -596.325867 7.987689
-66.458298 58.226654 146.933029
-160.548004 -670.633057 -132.047211
-15.298800 229.603027 -96.104225
103.699997 214.576965 53.573269
-34.296700 -400.097931 -134.692123
19.211300 -540.229004 -154.689178
248.039001 159.772003 -12.166948
-157.393997 -720.368896 -144.378250
134.115005 28.140011 -30.707592
264.566010 112.253014 -34.827763
-168.835007 -731.973633 -35.631538
184.203003 -350.790009 -25.121414
-112.542000 -357.399933 -118.845123
-53.818199 -83.985046 145.936966
144.455002 -444.971985 89.642548
-339.153992 15.607598 4.681174
215.505997 192.384995 20.813461
161.740005 -665.384644 -109.745224
400.675995 -23.935104 13.682193
-144.947006 -769.269653 -148.168243
144.149994 80.565613 -42.747677
-247.585999 91.351913 -50.002968
-129.147003 -69.949829 90.698082
-70.132896 -415.794067 124.817863
-47.808300 233.490005 44.568775
252.339005 17.459805 -6.205764
64.286201 -538.642029 117.844818
120.710999 -95.490349 145.571976
-164.033997 -926.033752 -131.967300
-78.227798 -69.737968 -105.637016
198.393997 -820.095093 -110.922272
131.070007 10.725767 96.938301
-92.693298 -617.855103 -18.438810
-193.912994 -795.382629 -71.344963
-109.212997 -903.451721 -100.986290
118.482002 -489.171936 -101.764153
-116.522003 -466.349945 -110.702156
162.882996 -210.581970 -61.088570
-131.695007 277.846008 -36.792107
-342.903992 -17.049789 -38.308407
-161.393997 -423.181000 75.443764
-142.520004 -148.456024 68.775658
42.688599 -414.571930 -150.660126
-183.389008 -479.091003 -8.165586
-144.412994 -413.328064 132.503876
-136.529007 -20.667820 55.142891
41.177101 158.587036 -113.890953
51.213501 -238.988968 -126.538078
-255.436005 130.001999 -19.076159
105.899002 -723.729370 -43.187237
-195.089996 -195.891006 33.107140
-108.294998 -260.766052 150.295914
-140.522003 -196.517029 124.452942
116.462997 -643.886292 -1.682706
-155.785004 -20.699100 5.327333
-183.085999 251.817001 -29.171316
196.729996 -686.645142 -12.054329
185.126007 -399.204010 69.120659
208.225006 -916.654968 -32.538002
-66.371300 134.261963 117.029045
-73.826401 302.459991 -29.545301
190.634995 -458.989990 67.431946
-281.003998 42.929993 23.066416
25.599001 -420.037048 138.217880
-189.039001 215.162003 30.628769
196.953003 -274.079010 -9.003210
-7.258940 -354.347931 -130.033127
-7.970780 23.670050 153.063004
-102.884003 195.006973 66.343758
121.567001 -347.956940 -105.533104
374.752991 -65.795197 -9.437151
186.662003 -602.571960 -11.818304
132.518997 -260.131927 -97.125389
64.706100 294.881012 -1.479794
66.164902 -58.448963 -112.980019
137.860992 -41.920883 -44.465015
139.048004 -923.240601 -75.843605
169.106995 258.428986 -39.430817
102.042999 28.143555 141.953995
85.739700 -401.904938 -117.454140
-36.929501 -350.488068 156.048874
71.054398 -10.859169 -94.068199
155.800003 -14.048808 21.488796
161.750000 128.186996 9.313592
-117.808998 -545.489014 68.273415
196.772995 -873.273621 -106.121292
165.992996 -384.628998 -72.284119
-287.683990 60.512009 -32.677479
200.975006 139.609024 -60.521454
20.622601 -99.220169 -113.004028
-5.571780 278.549011 -73.890411
193.843994 -971.754272 -23.896717
-173.177994 -293.473999 -61.297298
-211.649002 -368.859985 52.981979
167.610992 -323.084015 -63.564106
-77.559898 -256.703949 -131.805084
-95.568604 -558.446045 15.693311
463.688995 -153.082031 79.988655
350.821014 -37.993816 49.425785
-128.218994 -299.612000 93.253609
-192.220001 86.521202 10.183828
-31.410999 -534.419983 -127.031166
-151.113998 -498.114990 73.014534
190.074997 242.000000 14.452579
101.254997 -472.738312 68.730339
74.052399 -525.570984 -168.642181
-17.946301 -412.820068 168.703873
130.128006 -258.101074 118.327911
129.707001 -323.952057 141.518906
-197.860992 58.630909 -33.890877
145.054993 -603.511597 28.654293
205.283005 -659.677734 -78.531219
137.819000 -543.364868 -84.461891
179.854004 -791.700623 -7.690151
-107.980003 -76.985748 141.278976
137.520004 -103.627029 87.029373
120.350998 -827.000793 -44.662868
50.203602 -175.132965 -120.348061
-184.145004 -250.498032 57.268314
-113.860001 -470.787048 94.272949
160.399002 -82.425415 37.784870
38.350201 87.367233 -110.654968
-110.459000 103.992950 119.963028
8.082930 -107.895042 160.085968
101.306000 -361.880066 174.147873
125.652000 73.382454 120.288033
-64.930702 -516.274292 7.087474
34.479900 100.575951 145.574036
100.925003 99.548531 -98.470169
-107.851997 -813.845947 -60.067566
-194.134995 -512.551025 -51.916367
-80.127899 -131.295029 136.437973
-22.437500 -471.556061 166.829849
-356.829987 -70.883385 -45.607521
-84.646797 -733.314148 -77.451752
-146.699997 -235.283966 -90.995872
482.112000 -144.313995 29.811054
-218.774994 165.837006 22.662754
58.035198 -85.288345 142.870972
-113.831001 -300.204926 -116.996094
-57.904301 263.955994 -86.653107
247.283997 -464.721008 -8.457500
96.948097 -668.276855 -68.591423
-251.199005 -511.231995 15.285734
-155.582993 -199.320038 64.249435
123.441002 -704.228210 -104.477234
224.223007 -485.016998 32.750641
-65.582802 -475.459076 121.012848
188.649994 -217.835007 -6.624590
-45.772400 1.910390 -94.680901
219.425003 -826.079651 -45.922668
-88.218201 -181.467026 137.857941
128.917999 -146.587036 114.312958
215.210007 136.388000 35.438347
202.903000 -924.927734 -88.993202
277.877991 36.844185 36.867817
-104.205002 -644.420044 -122.996223
-127.752998 -864.496643 -138.663269
-71.310799 -532.349976 120.910835
-160.865997 -66.611916 42.166176
-437.778992 -169.914001 -15.378555
117.983002 -43.335045 140.623001
147.912994 -500.062012 81.750534
198.408997 -401.037994 -10.886830
-171.636002 -596.750732 -40.814491
-234.584000 -445.477997 23.715155
35.622200 -288.230072 139.748901
3.013480 -250.346054 160.107910
-109.253998 -817.089417 -135.083267
46.586601 -495.619049 -20.202768
323.247009 -53.957500 0.925791
-141.746994 29.861284 42.654808
-61.193699 -299.203064 134.686905
191.621994 -546.106018 66.379417
-307.614014 -71.466782 -28.003822
300.269012 -21.389111 32.032692
428.035004 -121.408997 19.621761
-507.578003 -272.790009 14.857210
-526.687012 -239.650024 49.190323
-493.446014 -238.794006 -21.481976
-475.559998 -234.654007 41.788723
494.873993 -236.668030 93.114227
-538.163025 -221.520996 2.100608
533.396973 -206.548035 107.079941
531.776978 -210.104034 52.657532
-498.804993 -180.839996 14.376441
516.479004 -163.927032 79.313240
-145.158005 -647.639648 -20.617117
85.981598 -456.781067 157.778854
15.067500 280.036011 46.961193
-29.721701 311.091003 41.523800
45.290501 335.080994 35.973606
-10.229300 319.648010 -42.265694
16.318100 332.838013 86.461105
39.225300 345.082001 -17.330389
-58.659901 374.238007 6.387922
-36.192799 344.764008 84.183105
-34.814999 363.050995 -65.069382
48.925499 370.966949 95.394722
-4.134200 374.314941 120.709122
64.542000 383.569000 32.679623
17.955900 380.917999 -52.270077
-60.570599 396.989014 80.171219
73.894897 390.656006 -17.720974
0.589512 407.350067 -96.325462
-65.985703 413.549988 -34.996464
-69.576500 417.049011 31.530937
1.000620 426.337952 121.882141
59.727600 428.847992 80.763741
46.972500 423.645996 -54.805462
-37.074001 444.397003 -68.969566
81.548401 439.484009 12.086643
-55.022499 455.924011 84.941055
-82.785004 450.970001 -2.772423
27.479000 467.738953 108.919151
69.443703 477.101990 -29.738043
11.448100 467.069000 -70.420746
70.781197 480.429993 55.080360
-52.566399 489.829010 -53.646542
-72.714798 503.725006 6.802184
-12.827600 505.386932 101.046165
-58.156502 507.265015 68.572166
32.908199 516.348999 -42.553230
58.584599 520.543030 4.775690
35.798599 527.538025 60.650875
-30.061199 534.632996 -45.701725
-17.427799 533.546997 50.978275
6.229380 542.169006 -6.737744
