0
3
6
9
14
17
20
23
26
29
32
36
37
39
42
45
48
61
64
66
83
95
98
122
194
200
210
214
220
225
226
240
244
252
255
261
264
269
276
279
284
287
290
293
296
300
306
309
313
315
318
321
324
327
331
334
341
342
345
348
351
354
357
360
365
368
371
377
380
383
386
389
392
395
400
402
407
412
415
418
421
425
427
432
435
440
444
450
455
459
462
465
468
471
480
481
486
488
491
494
497
501
503
506
513
518
523
524
532
535
538
541
544
549
553
558
561
564
567
570
575
579
582
585
588
591
594
597
600
603
613
615
621
631
643
646
649
654
659
663
666
676
678
681
684
686
689
693
699
702
710
713
716
729
736
739
748
756
759
770
773
776
782
784
787
790
796
799
804
808
815
821
823
829
831
838
841
851
856
863
867
870
875
878
887
890
892
899
905
911
912
919
921
923
930
938
955
957
962
965
968
975
986
991
996
1003
1007
1016
1019
1027
1030
1034
1041
1052
1058
1066
1070
1082
1087
1097
1101
1114
1125
1130
1139
1157
1164
1168
1185
1191
1198
1205
1208
1229
1236
1242
1245
1249
1251
1258
1260
1269
1278
1281
1287
1290
1295
1301
1310
1313
1322
1340
1345
1351
1355
1370
1397
1401
1408
1411
1427
1428
1444
1458
1474
1485
1491
1525
1529
1560
1564
1571
1590
1600
1610
1613
1679
1688
1696
1704
1711
1717
1731
1736
1752
1762
1768
1778
1787
1808
1837
1856
1864
1894
1907
1909
1927
1952
1956
1961
1981
1993
2027
2042
2045
2057
2064
2085
2098
2102
2115
2123
2125
2148
2182
2207
2216
2251
2254
2271
2288
2290
2296
2344
2349
2371
2376
2385
2410
2424
2433
2485
2509
2556
2572
2593
2599
2609
2629
2675
2683
2696
2700
2718
2738
2766
2782
2835
2893
2904
2913
2954
2994
2998
3046
3068
3086
3096
3133
3135
3137
3142
3184
3231
3245
3265
3283
3334
3350
3415
3462
3568
3584
3658
3667
3734
3780
3830
3836
3870
3913
3920
3995
4044
4068
4113
4120
4124
4144
4184
4195
4199
4303
4335
4399
4414
4511
4523
4536
4547
4566
4571
4574
4578
4613
4614
4632
4637
4644
4659
4672
4715
4729
4738
4744
4760
4772
4798
4807
4828
4839
4865
4868
4872
4904
4917
4952
4966
4975
4985
5001
5007
5034
5068
5098
