808
809
810
811
816
817
823
824
841
842
843
844
860
861
863
864
865
866
867
868
869
870
883
884
913
914
915
916
933
938
1205
1206
1207
1247
1248
1276
1277
1322
1323
1339
1340
1447
1448
1451
1455
1478
1480
1481
1498
1512
1513
1514
1787
1788
1789
1790
1792
1795
1797
1798
1799
1800
1801
1802
1803
1804
1805
1806
1807
1808
2921
2922
2923
2924
2926
2927
3084
3085
3086
3087
3089
3091
3092
3093
3094
3095
3096
3097
3099
3100
3102
3103
3104
3105
3106
3107
3108
3109
3110
3111
3112
3113
3114
3115
3116
3117
3118
3119
3120
3121
3122
3129
3130
3131
3134
3137
3138
3139
3140
3141
3142
3143
3144
3145
3146
3147
3148
3149
3151
3152
3153
3154
3155
3156
3157
3158
3159
3160
3161
3476
3482
3485
3504
3508
3511
4296
4297
4298
4299
4304
4305
4311
4312
4327
4328
4329
4330
4347
4348
4349
4350
4351
4352
4353
4354
4355
4356
4369
4370
4372
4399
4400
4401
4402
4419
4424
4690
4691
4692
4693
4730
4731
4759
4760
4802
4803
4815
4816
4920
4921
4924
4928
4952
4953
4970
4984
4985
4986
5250
5251
5252
5253
5256
5257
5259
5261
5262
5263
5264
5265
5266
5267
5268
5269
6380
6381
6382
6383
6385
6387
6507
6509
6510
6511
6514
6515
6516
6517
6518
6519
6520
6521
6523
6524
6526
6527
6528
6529
6530
6531
6532
6533
6534
6535
6536
6537
6538
6539
6540
6541
6542
6543
6550
6551
6552
6555
6558
6559
6560
6561
6562
6563
6564
6565
6566
6567
6568
6569
6570
6571
6572
6573
6574
6874
