0.984450 -0.132049 -0.115848
-0.619375 0.012621 -0.784994
0.605732 0.058166 0.793540
0.460647 0.097789 0.882180
-0.042744 0.020380 0.998878
0.104073 0.214618 -0.971138
0.271244 0.373498 0.887089
0.999025 -0.033526 0.028734
-0.438877 0.487649 0.754708
-0.292092 0.914779 0.279037
-0.366533 0.847480 0.383967
0.965237 -0.260091 -0.025885
0.999285 -0.029778 0.023284
-0.882361 -0.159277 -0.442799
-0.986956 -0.153637 -0.048101
-0.080345 0.865759 0.493970
-0.764726 -0.604048 -0.224322
0.783709 0.567754 0.251905
0.981368 -0.008935 -0.191931
-0.963120 -0.266658 -0.035953
0.143051 0.005576 -0.989700
-0.623366 -0.750840 -0.218296
0.969661 -0.241607 -0.037196
0.741474 0.653491 0.152207
-0.635624 0.653608 0.410826
-0.997046 0.074915 0.016945
-0.947829 0.243420 0.205834
0.858005 0.325712 0.397163
0.950274 -0.011058 -0.311217
0.062468 0.815965 0.574717
0.458739 0.229087 -0.858532
0.887160 0.277166 0.368953
-0.172914 -0.656713 0.734049
0.967327 -0.219868 0.126240
0.200845 0.687455 -0.697902
-0.868945 0.026735 0.494186
0.821514 0.154457 -0.548870
-0.343088 -0.165223 -0.924658
-0.771748 0.058383 0.633243
0.300464 0.061010 -0.951840
0.765261 0.250725 -0.592885
-0.960333 0.040614 -0.275883
-0.216860 -0.751166 -0.623476
-0.020674 0.069273 -0.997383
-0.447492 0.846558 -0.288255
-0.843662 -0.236446 0.482005
-0.280612 0.086858 0.955883
-0.063078 0.639727 0.766009
-0.218982 -0.214341 0.951895
0.132786 0.507989 0.851067
0.396001 0.484366 -0.780111
0.118215 -0.699428 -0.704859
0.768731 0.258744 -0.584897
0.454792 -0.223533 0.862089
-0.522120 -0.183625 -0.832870
0.491131 0.232458 -0.839496
0.973023 -0.033010 -0.228335
0.895263 0.029894 0.444534
0.727435 0.131537 -0.673451
-0.019232 -0.992046 -0.124394
0.231957 0.142998 -0.962158
-0.330316 -0.093881 0.939190
0.046326 -0.187739 0.981126
0.166591 -0.116837 0.979079
-0.048932 -0.220257 -0.974214
-0.241091 -0.800151 0.549211
-0.226845 0.258021 -0.939131
-0.059704 0.149080 0.987021
0.661956 0.030008 -0.748942
0.293887 0.074551 0.952928
0.962176 -0.076280 0.261531
0.809240 0.047949 -0.585518
0.088181 0.007602 -0.996075
0.523421 -0.079229 0.848383
0.103743 0.682104 0.723859
-0.007640 -0.040635 0.999145
0.007132 0.134204 0.990928
-0.260801 0.018374 0.965218
-0.394707 0.066149 0.916423
-0.139954 -0.037814 0.989436
-0.983916 -0.162820 0.073476
0.668038 0.056569 0.741974
0.953021 -0.017659 0.302389
0.135048 0.968548 -0.208988
-0.156444 -0.225132 0.961686
0.558253 -0.033270 0.829003
0.964042 0.259825 0.055804
0.445346 0.349200 0.824455
-0.752219 0.040657 -0.657658
0.993610 -0.061491 -0.094643
-0.152496 0.351359 0.923738
-0.135417 0.174081 -0.975376
-0.742276 -0.096440 -0.663118
-0.694740 -0.040973 0.718093
0.154650 -0.986278 0.057793
0.113104 -0.872262 -0.475780
0.416396 -0.065413 -0.906827
0.410026 -0.065534 0.909716
-0.809859 -0.185776 -0.556431
-0.773078 -0.024153 0.633851
-0.609836 0.043425 -0.791337
-0.873477 -0.203904 0.442109
-0.807276 0.190256 -0.558666
-0.024519 0.335935 0.941566
-0.967845 0.061057 0.244026
0.207143 -0.370717 0.905351
-0.813264 -0.149284 -0.562419
0.353951 -0.144924 0.923967
-0.665200 0.045791 0.745260
-0.001160 -0.557949 -0.829874
-0.747770 -0.353060 0.562306
-0.143325 -0.507640 -0.849565
-0.994528 -0.017594 0.102975
-0.081326 -0.771746 0.630709
0.986258 0.005275 -0.165131
-0.028537 0.999587 -0.003521
-0.543159 0.384810 0.746257
-0.313986 0.210706 -0.925752
0.835416 -0.028139 0.548897
0.932102 -0.122798 -0.340744
0.189763 0.040373 0.980999
0.983972 0.007743 -0.178156
-0.986618 -0.036979 0.158798
0.567456 0.068551 0.820545
-0.948323 0.037283 -0.315107
-0.159368 0.206680 -0.965342
0.034134 0.675881 0.736220
-0.196276 0.089406 0.976464
-0.842776 0.047440 0.536169
-0.914162 0.070939 -0.399093
0.405574 -0.338360 -0.849130
0.267090 0.089935 -0.959466
-0.967664 0.195428 -0.159483
0.038385 0.877448 -0.478133
-0.926470 -0.165447 -0.338053
0.917607 0.060564 0.392847
0.273924 -0.822887 0.497818
0.139821 -0.102625 0.984844
-0.020216 0.514805 -0.857069
0.419507 -0.460647 0.782188
-0.409454 0.058980 -0.910422
-0.431686 -0.027475 -0.901606
0.259572 0.339636 0.904030
-0.939834 -0.094199 0.328389
-0.950101 0.038675 0.309535
0.116585 -0.539925 0.833600
0.649452 -0.222768 -0.727039
-0.477764 0.289334 -0.829474
-0.605127 -0.052120 -0.794421
-0.192770 -0.011348 0.981178
-0.950251 -0.216512 -0.223934
-0.753794 -0.053733 0.654910
-0.926763 0.061353 -0.370603
-0.966518 0.238470 -0.094735
0.597984 0.043703 0.800316
0.931116 -0.271996 -0.242985
0.905951 -0.125393 -0.404387
-0.074773 0.537447 0.839976
-0.734483 0.123024 -0.667383
-0.724977 -0.077515 0.684398
-0.653464 -0.132283 -0.745309
-0.734639 0.225338 -0.639944
-0.589442 0.159238 0.791961
0.039542 0.638528 0.768582
-0.259201 0.199069 -0.945085
0.363181 0.098455 0.926502
0.992522 -0.040244 0.115241
-0.080708 0.057534 -0.995076
0.571239 0.068897 0.817887
-0.430460 0.172044 -0.886061
0.193583 -0.859768 -0.472571
-0.915859 0.083595 -0.392700
0.158825 0.764963 -0.624185
0.387860 -0.006487 0.921696
-0.200778 -0.047063 -0.978506
-0.855486 0.180533 -0.485337
-0.584353 -0.104207 0.804781
-0.186076 0.094839 -0.977948
0.035301 0.994062 0.102933
-0.411644 0.101081 0.905722
-0.008410 0.748944 0.662580
0.195246 -0.184195 -0.963302
0.213299 -0.889199 0.404757
-0.276221 0.175371 -0.944959
0.501738 0.179414 -0.846209
-0.474671 0.103922 0.874007
-0.744917 -0.014339 -0.667004
-0.999308 0.007660 -0.036401
-0.399576 -0.194913 -0.895739
0.150766 0.004627 -0.988559
-0.314762 0.001194 -0.949170
0.911231 -0.002891 0.411885
-0.695991 -0.290693 -0.656577
-0.577398 -0.082605 0.812273
0.977150 0.185922 -0.103012
0.817979 0.361532 0.447443
-0.068996 0.093359 0.993239
-0.896429 0.012330 -0.443015
0.856791 -0.004762 0.515642
0.644675 0.094264 -0.758623
-0.451960 -0.070575 0.889242
-0.368984 -0.326356 0.870254
-0.212996 -0.116508 0.970082
-0.468588 0.164728 -0.867923
0.067216 0.155056 -0.985616
0.060967 0.687320 0.723791
0.181748 -0.029040 -0.982916
-0.729899 0.178619 -0.659805
0.170846 0.985256 0.009025
-0.339720 -0.004449 -0.940516
0.900615 -0.186129 -0.392744
0.034126 0.395178 -0.917971
-0.435323 -0.055448 0.898565
0.892745 -0.036814 -0.449055
-0.582892 -0.049859 -0.811019
-0.595743 -0.043018 0.802022
0.656014 -0.097974 0.748363
-0.072641 -0.081422 -0.994029
0.073342 0.056928 0.995681
0.263000 0.574805 0.774875
0.082857 0.204501 -0.975353
-0.025139 0.919287 -0.392785
-0.128777 -0.093246 -0.987280
0.884491 -0.437643 -0.161693
-0.236227 -0.120338 0.964217
0.239382 -0.489587 0.838451
0.080249 0.345142 -0.935113
-0.989118 0.034564 -0.143005
-0.047080 0.081772 0.995538
-0.152341 0.589663 0.793152
0.005346 -0.962205 -0.272275
-0.350364 0.076576 0.933478
0.820320 0.001477 0.571903
-0.530446 -0.239896 -0.813066
-0.314372 0.172496 -0.933496
0.490910 -0.197977 -0.848417
0.910111 -0.036330 0.412768
0.811902 -0.299011 0.501405
-0.922466 -0.071825 0.379339
0.977093 -0.108693 -0.182960
0.190413 -0.032528 -0.981165
-0.651726 -0.068924 -0.755317
0.879393 0.127590 -0.458682
-0.204372 0.916389 -0.344184
0.245649 0.659916 -0.710048
-0.388776 -0.005583 0.921316
-0.745163 0.065242 0.663684
-0.910623 0.128252 -0.392831
-0.968972 -0.161202 -0.187369
-0.929293 -0.059762 -0.364476
-0.899737 -0.007867 0.436361
0.073268 0.200387 -0.976973
-0.084969 0.974650 -0.206973
-0.185513 -0.090889 0.978429
0.744838 0.004499 -0.667230
-0.917050 0.001437 0.398769
-0.991804 0.125534 0.023777
0.273221 0.000475 0.961951
-0.995472 0.020649 -0.092781
-0.644967 -0.267179 0.715984
-0.991763 0.117448 -0.051106
-0.414522 0.909950 -0.012792
0.774413 0.016985 0.632453
0.572039 0.001567 0.820225
0.804475 -0.121892 0.581346
-0.203804 0.678061 0.706185
0.240545 0.134536 0.961269
0.455974 -0.024510 0.889656
0.727183 0.016918 0.686235
-0.219209 0.102006 0.970331
-0.196999 0.603014 -0.773024
0.603025 0.084408 -0.793244
0.005068 0.056810 -0.998372
0.000991 0.590576 0.806981
0.220656 -0.083675 -0.971756
0.148317 0.412342 -0.898875
0.019264 0.988746 -0.148360
0.328204 -0.008372 -0.944570
0.023450 -0.305964 -0.951754
0.846708 -0.048425 0.529850
0.655746 0.087683 -0.749872
0.328730 0.316499 -0.889812
0.799068 0.221993 -0.558757
-0.936904 -0.183423 -0.297601
-0.576529 -0.134273 -0.805968
0.576538 0.053353 0.815326
0.797779 -0.020622 -0.602598
-0.740206 0.053332 0.670262
0.934677 -0.096097 -0.342263
0.986961 0.141866 0.076038
0.011631 -0.398658 0.917026
-0.754381 -0.365972 0.544954
0.430045 -0.256484 -0.865608
0.132353 0.953521 -0.270703
-0.026089 -0.057068 -0.998029
0.040245 0.155466 -0.987021
-0.166308 0.166243 -0.971959
-0.014554 0.519634 -0.854265
0.545363 0.058066 0.836186
-0.813129 0.062546 -0.578714
0.742541 -0.088748 0.663895
-0.575413 0.091904 0.812683
0.901355 0.019980 -0.432620
0.241229 0.948845 -0.203721
-0.509391 0.050385 -0.859059
0.603837 -0.148316 0.783188
-0.145755 0.302752 0.941858
-0.756324 0.065074 0.650952
-0.218630 -0.899043 0.379371
-0.231584 -0.007359 0.972787
0.810249 0.022559 -0.585652
-0.213501 0.145086 0.966110
0.978533 -0.083580 0.188383
0.658490 -0.392661 -0.642035
0.937494 -0.011509 0.347812
0.307289 -0.313570 0.898469
0.853480 0.155955 -0.497242
0.136080 0.039233 -0.989921
0.190694 -0.045373 0.980600
-0.338907 0.069698 0.938235
0.878509 -0.040567 0.476000
-0.815882 -0.037357 0.577010
0.208076 0.032895 -0.977559
-0.333159 0.145838 0.931524
0.854050 -0.008602 0.520120
0.173471 -0.282870 -0.943341
-0.725219 0.128117 0.676493
0.112144 -0.051064 0.992379
-0.100508 0.343478 0.933767
0.827758 -0.286013 0.482715
-0.090443 0.527668 0.844622
0.653932 -0.028119 0.756031
-0.995988 -0.088911 0.010142
-0.013976 -0.130666 0.991328
0.151941 0.345679 -0.925970
-0.394525 0.120020 0.911014
0.963997 0.054492 0.260271
-0.637939 0.056852 -0.767986
-0.179695 -0.600869 -0.778887
-0.309413 0.479628 0.821109
-0.026238 0.139100 -0.989931
-0.184836 -0.108409 0.976772
-0.467797 -0.002095 -0.883834
0.327053 0.002466 0.945003
-0.118982 0.576363 -0.808486
-0.948626 0.051017 -0.312260
-0.847534 0.068372 0.526318
-0.628480 0.137077 -0.765651
-0.339283 0.077815 0.937460
0.736151 0.161205 -0.657339
-0.093499 -0.053987 -0.994155
0.974529 -0.094509 0.203373
0.966359 -0.127661 -0.223278
0.984681 -0.014581 0.173755
0.233767 0.054522 0.970763
0.820196 -0.251722 -0.513727
0.242777 0.964931 -0.099837
0.462832 0.230662 -0.855910
0.437622 -0.184487 -0.880029
-0.794623 0.235557 0.559543
0.127562 -0.636588 -0.760581
0.772939 0.011242 0.634381
0.546783 0.044811 -0.836074
0.958484 -0.042269 -0.281997
-0.875692 -0.052945 0.479959
-0.932345 -0.027090 0.360554
0.304223 -0.095633 0.947788
-0.890144 -0.342176 0.300931
0.796538 -0.014160 0.604422
0.096941 0.203312 -0.974303
0.381917 0.100047 -0.918765
0.677575 -0.130653 -0.723755
0.907830 -0.058710 0.415208
0.238828 -0.876692 0.417578
-0.528927 0.832723 0.163733
0.751162 0.276813 0.599275
0.249451 -0.707560 -0.661161
-0.027684 -0.553971 -0.832076
-0.970925 0.003990 -0.239350
-0.699359 0.294095 0.651464
-0.245169 0.034698 -0.968859
-0.173210 -0.691639 0.701166
0.456366 -0.834470 0.308854
-0.137237 0.989545 0.044351
0.940291 0.336536 0.050958
-0.086963 -0.915489 -0.392832
-0.090808 -0.672275 -0.734711
-0.187262 -0.979722 0.071262
0.034610 0.872450 0.487477
-0.084763 0.966197 0.243473
0.308289 -0.867229 -0.390989
-0.961257 -0.082244 0.263098
-0.255642 -0.259751 0.931223
-0.422620 -0.270711 0.864932
0.862672 -0.177496 0.473596
-0.931094 -0.296003 -0.213182
0.849828 0.361549 -0.383504
-0.118530 -0.866881 0.484220
-0.087751 -0.102123 -0.990894
-0.754907 -0.411942 0.510312
0.661342 -0.268990 0.700194
-0.735074 -0.673006 -0.082032
-0.099270 -0.143363 0.984679
0.807135 -0.563235 -0.176916
-0.981541 -0.159431 0.105634
0.393290 -0.776374 -0.492510
0.991456 -0.130441 -0.000486
-0.726210 0.146171 0.671754
-0.572499 0.420693 0.703749
-0.897407 -0.202914 -0.391774
-0.806702 -0.102242 -0.582046
0.771446 -0.216650 -0.598276
0.819911 -0.075864 0.567442
-0.973592 0.051798 0.222339
0.373615 0.016763 -0.927432
0.987987 -0.034836 -0.150562
-0.718816 0.033895 -0.694374
-0.514446 0.251862 0.819702
-0.988338 0.094476 -0.119426
0.652343 0.260062 -0.711911
0.955334 0.233926 0.180598
0.372770 0.074955 0.924892
-0.927177 0.316666 0.200163
-0.388691 -0.331597 -0.859629
0.872473 0.481212 -0.085006
-0.848502 0.363954 -0.384164
-0.635219 0.531059 0.560778
0.634648 0.734826 0.239276
0.478065 0.701525 -0.528505
-0.576982 0.793593 0.193137
0.147176 0.970346 -0.191749
