29 32 70 186 240 
73 149 187 218 242 
82 86 199 264 364 
94 229 250 258 288 
76 138 216 328 342 
44 141 205 341 345 
75 76 286 331 373 
86 122 169 217 315 
230 244 375 394 396 
11 12 13 22 25 
10 12 22 25 26 
10 13 19 25 32 
12 19 21 29 32 
20 23 27 31 161 
16 18 20 27 30 
15 18 20 24 30 
19 21 22 26 107 
15 16 24 28 30 
13 17 21 29 32 
14 15 27 28 30 
17 19 26 29 107 
11 17 25 26 107 
14 24 28 31 299 
18 23 27 28 30 
11 12 22 26 32 
17 22 25 107 186 
20 28 30 161 299 
23 24 27 30 299 
1 19 21 32 107 
15 20 24 27 28 
14 23 28 161 356 
1 13 25 29 186 
43 49 96 116 219 
114 157 306 330 391 
84 276 298 397 399 
46 85 117 123 327 
54 59 280 318 353 
59 102 151 318 346 
228 247 259 320 334 
157 162 198 357 358 
153 168 252 278 281 
172 188 257 300 324 
33 49 116 277 335 
6 65 141 189 341 
178 227 253 262 340 
36 163 203 251 327 
94 100 302 308 324 
50 75 158 181 206 
33 43 116 179 277 
48 127 158 206 230 
84 173 276 304 371 
57 97 268 301 344 
56 61 72 195 243 
160 260 280 316 353 
130 170 189 193 351 
53 72 282 283 363 
52 97 241 255 289 
105 121 232 269 336 
221 280 317 318 353 
34 95 114 151 391 
53 243 252 281 323 
108 194 216 328 334 
106 134 307 339 377 
62 108 174 328 342 
44 182 189 326 351 
96 254 309 370 387 
92 118 165 184 185 
76 181 203 266 331 
83 120 175 221 317 
1 32 152 186 240 
196 224 290 369 373 
53 56 282 297 323 
142 176 207 208 248 
98 167 213 337 393 
7 48 196 206 331 
7 68 138 286 331 
101 105 166 292 349 
79 265 319 322 352 
78 265 284 299 322 
83 201 256 260 263 
89 187 249 333 366 
3 86 124 272 313 
69 120 263 317 319 
35 51 304 376 397 
36 225 270 309 340 
3 8 82 264 315 
124 136 195 325 350 
206 220 291 329 369 
149 188 215 300 343 
98 223 332 337 372 
225 253 254 294 340 
168 184 185 252 323 
135 223 239 359 372 
47 246 250 302 308 
60 114 151 318 392 
33 66 245 335 370 
52 57 199 289 364 
74 90 213 332 337 
125 236 284 293 322 
247 258 259 308 324 
77 166 250 292 310 
38 151 260 316 392 
130 154 165 170 235 
139 226 267 271 374 
58 77 166 336 349 
63 134 222 226 377 
17 26 29 186 234 
62 64 177 328 367 
129 155 169 269 315 
123 178 285 309 387 
140 198 202 306 365 
139 231 271 296 374 
145 204 210 213 239 
34 60 95 151 392 
176 241 248 287 311 
49 219 245 277 335 
36 85 266 274 327 
67 159 185 305 338 
124 136 174 313 354 
69 83 175 236 352 
58 180 232 269 336 
8 156 169 180 217 
36 85 110 193 368 
82 87 119 136 350 
175 201 256 346 348 
132 205 275 276 341 
50 84 206 329 376 
197 246 310 347 366 
109 155 177 313 315 
55 170 193 261 368 
182 211 314 326 363 
51 126 275 276 371 
103 154 159 172 257 
63 106 222 279 377 
93 152 234 239 359 
87 119 124 321 354 
171 224 291 355 378 
5 76 286 342 362 
104 112 231 271 296 
34 111 183 306 330 
6 44 148 189 285 
73 149 207 215 242 
9 230 262 270 274 
114 151 160 183 392 
113 162 213 365 393 
164 171 231 267 355 
132 224 314 371 378 
141 178 244 262 345 
89 142 187 215 242 
155 194 258 288 367 
38 60 95 114 392 
70 135 186 234 239 
41 168 248 273 287 
103 133 247 261 360 
109 150 269 288 367 
122 180 217 268 344 
34 40 167 238 358 
48 50 181 230 274 
118 133 165 172 338 
54 102 144 151 392 
14 27 31 284 356 
145 198 204 358 365 
46 203 228 251 320 
146 209 212 267 355 
67 103 118 170 235 
77 101 229 250 349 
74 157 238 337 358 
41 92 191 252 273 
8 109 122 217 315 
55 103 130 235 351 
137 146 212 231 296 
42 133 159 300 338 
51 209 220 295 304 
64 119 177 313 354 
69 120 125 236 348 
73 115 208 248 311 
64 108 129 174 367 
45 110 141 148 253 
43 49 277 361 389 
121 122 156 169 232 
48 68 158 266 331 
65 131 190 326 351 
34 114 140 306 330 
67 92 185 297 323 
67 92 118 168 305 
1 26 32 70 107 
81 149 242 249 333 
42 81 89 300 302 
44 55 141 193 285 
65 182 235 297 351 
168 215 273 305 343 
237 290 321 325 362 
55 123 130 189 285 
62 108 150 258 367 
53 87 243 283 350 
7 71 75 369 373 
128 292 310 347 366 
40 111 162 357 365 
3 264 268 301 364 
204 210 223 337 358 
80 125 256 319 322 
111 238 306 365 393 
46 68 163 266 327 
145 162 200 210 358 
6 35 126 298 345 
50 75 88 127 329 
73 142 191 248 273 
73 115 176 218 311 
164 173 212 220 355 
93 113 200 204 223 
224 283 290 314 363 
164 171 209 295 296 
74 98 113 145 239 
255 272 289 303 364 
89 142 149 191 343 
5 62 320 328 334 
8 122 264 268 344 
2 73 176 208 242 
33 116 245 254 294 
88 173 209 329 355 
59 69 317 346 348 
104 106 134 271 279 
90 93 200 210 372 
71 211 291 314 378 
85 91 253 309 340 
104 106 222 279 374 
45 253 294 370 387 
163 247 251 320 360 
166 288 312 336 349 
9 50 158 274 394 
112 146 171 267 296 
58 121 180 269 336 
192 321 342 354 362 
1 107 135 240 359 
103 165 170 190 351 
99 120 175 293 352 
192 286 290 362 373 
157 167 202 306 393 
93 113 135 152 213 
1 70 234 359 372 
57 115 255 287 311 
2 142 149 187 218 
53 61 195 281 350 
9 148 262 345 375 
96 219 294 335 370 
94 128 250 302 310 
39 154 228 257 259 
73 115 153 176 273 
81 187 333 347 366 
4 94 101 166 246 
46 228 261 360 368 
41 61 92 168 323 
45 91 225 227 340 
66 91 219 225 294 
57 278 287 289 303 
80 125 201 346 348 
133 154 172 247 324 
4 100 194 259 308 
39 100 247 258 334 
80 102 280 316 346 
130 154 251 360 368 
45 143 244 270 340 
80 83 201 280 317 
3 86 199 217 268 
78 79 293 299 356 
68 117 181 203 327 
104 139 146 164 231 
199 217 264 301 344 
109 121 155 312 336 
85 143 262 274 340 
104 112 139 222 279 
82 214 243 303 350 
153 168 191 207 248 
117 143 158 230 270 
126 132 147 326 341 
35 51 84 126 132 
43 49 116 179 335 
41 255 281 287 303 
134 222 226 271 377 
54 59 263 316 353 
41 61 243 278 303 
56 72 182 297 363 
56 195 211 290 363 
79 99 161 293 356 
55 110 141 189 193 
7 76 138 237 373 
115 241 248 255 278 
4 150 155 229 312 
57 97 214 255 364 
192 211 237 283 325 
88 137 224 355 369 
77 101 128 197 310 
99 236 265 352 356 
91 227 245 254 370 
173 209 212 371 378 
112 139 171 212 231 
72 184 190 282 323 
35 205 345 375 399 
27 28 79 265 356 
42 89 172 188 338 
52 97 199 268 344 
47 94 188 246 366 
214 272 278 281 289 
51 84 127 173 329 
118 168 185 191 343 
34 111 202 238 330 
63 339 377 388 390 
47 94 100 258 324 
66 85 110 225 387 
128 197 246 292 347 
115 176 208 241 248 
155 229 269 288 336 
82 86 119 174 315 
131 147 211 224 363 
8 86 129 169 313 
54 80 102 260 280 
59 69 83 221 263 
37 38 59 151 353 
78 83 201 322 352 
39 163 216 228 334 
136 192 233 325 354 
78 99 125 201 319 
61 72 92 184 252 
42 47 100 257 308 
87 136 192 290 321 
65 131 182 275 341 
36 46 117 203 266 
62 64 108 216 342 
88 127 206 220 304 
34 114 140 183 306 
7 68 75 76 181 
74 90 98 337 372 
2 81 187 242 249 
39 62 216 259 320 
43 96 116 245 277 
58 105 269 312 349 
74 90 98 167 200 
118 159 172 300 343 
63 307 377 386 388 
45 85 225 253 270 
44 126 132 275 326 
64 138 233 328 362 
191 215 300 305 338 
122 156 217 268 301 
148 205 244 298 375 
38 221 256 260 348 
128 197 249 310 366 
125 175 221 256 346 
105 166 229 312 336 
87 124 195 243 272 
55 65 170 182 190 
78 120 236 293 319 
37 54 59 280 318 
119 136 174 233 321 
137 146 164 209 220 
161 265 284 293 299 
34 40 157 198 391 
40 157 167 200 204 
93 135 234 240 372 
154 228 247 251 261 
43 179 277 381 389 
192 233 237 286 342 
56 131 211 282 283 
3 97 199 214 289 
145 162 198 202 393 
81 128 249 302 347 
108 150 155 177 194 
46 123 130 251 261 
71 75 88 196 291 
66 96 227 245 294 
51 132 147 295 378 
90 93 223 332 359 
7 71 196 237 286 
104 112 226 231 279 
244 298 345 396 399 
50 84 127 395 397 
63 106 134 279 339 
137 147 224 295 371 
380 381 382 384 389 
379 381 382 384 389 
361 379 382 384 389 
379 380 381 384 389 
307 385 386 388 390 
379 380 381 382 389 
307 383 386 388 390 
307 339 383 385 388 
66 110 227 309 370 
307 339 383 386 390 
179 361 380 382 384 
307 339 383 385 388 
34 40 60 114 357 
102 114 144 151 160 
74 145 202 238 365 
9 50 230 395 398 
376 398 401 404 407 
9 375 399 402 405 
35 84 376 399 404 
394 395 400 401 403 
375 397 402 404 406 
396 398 403 405 408 
395 398 403 407 413 
396 399 405 410 411 
398 400 401 408 409 
395 397 399 406 407 
396 400 408 410 414 
399 404 411 412 415 
395 401 404 413 416 
400 403 409 414 418 
403 408 413 418 422 
402 405 414 417 419 
402 406 415 417 424 
404 406 415 416 420 
401 407 409 421 422 
405 408 410 419 423 
406 411 412 420 424 
407 412 420 421 425 
410 411 419 424 426 
408 409 422 423 427 
410 414 417 423 426 
412 415 416 425 429 
413 416 422 425 428 
413 418 421 427 428 
414 418 419 427 430 
415 417 420 426 429 
416 420 421 428 431 
417 419 424 429 430 
418 422 423 428 430 
421 422 425 427 431 
415 420 424 426 431 
419 423 426 427 431 
425 427 428 429 430 
