-73.348000 -961.210022 -46.415001
-102.452003 -511.360992 -103.888000
182.019989 -340.811005 61.125999
-103.509003 -323.078003 142.759003
-15.101000 -26.898001 170.690994
-48.829998 182.175995 -103.137001
87.939003 86.015999 165.787994
110.387001 -393.714996 131.248001
-46.831001 265.078979 17.034000
-89.676003 -1078.729004 141.602997
-143.211014 -1082.130005 97.524002
-72.981995 -1065.692993 57.117001
-75.994995 -1062.307983 5.628000
81.109001 -1070.505005 -50.589001
62.013000 -1085.037964 104.856995
91.263000 -1092.781982 147.791992
-136.029999 -1069.198975 -55.392002
145.709000 -1091.472046 120.800003
-73.960999 -1059.016968 -45.674999
67.595001 -1072.854980 28.190001
-96.430000 -1057.034058 -91.252998
-143.860992 -1074.255005 16.525000
136.420990 -1077.129028 -6.174000
131.674011 -1068.631958 57.873001
-119.306999 -1041.026978 49.159000
-132.625000 -1034.675049 -15.709000
69.620995 -1015.705017 18.437000
122.737999 -1032.951050 21.407999
-84.407997 -1011.927979 -63.557999
80.765999 -1046.296997 76.550003
113.865005 -1025.291016 -62.034000
-80.815002 -1006.150940 5.604000
-480.460999 178.441010 -14.998000
-44.124001 -535.794006 -30.262001
40.860001 276.944000 -60.111000
-144.203003 100.207001 69.395996
159.080002 -501.759003 -41.788998
74.014000 -592.930969 -71.643997
-129.270996 -143.160004 137.613998
-91.508003 -579.560974 -87.695000
79.540001 -288.441010 -128.138000
-187.364990 -275.602020 -7.646000
-532.037964 189.692001 -63.057995
-31.659000 130.475006 -107.642998
-207.843002 246.722992 -16.550001
-114.675995 36.924999 109.769005
-178.363998 -313.704010 60.789001
30.480000 166.607010 91.096001
-534.528015 208.710999 -10.728000
34.445000 214.089005 62.348999
122.402000 240.960999 -71.427002
174.970993 -519.713013 9.356999
132.373001 -130.591003 -65.886993
123.294006 -548.847046 48.132999
-100.100006 25.037001 -71.443001
109.344002 -66.710999 -63.901001
165.153000 -449.290985 -54.081997
7.736000 -516.468994 166.681000
147.035995 -612.487976 -61.650002
5.098000 -514.661011 -92.239998
110.375000 -195.951004 -94.171997
-36.388000 -154.727997 167.733994
599.932007 225.822998 -22.589001
43.558998 -144.288010 151.041992
-15.713000 48.948002 -99.803001
-332.511017 152.848007 -14.038000
-62.167000 -152.677002 -122.917000
-16.934000 79.294006 165.804001
150.500000 -720.979004 -86.534004
-100.607002 -908.435974 -10.875999
153.477997 67.286995 56.951000
79.122002 -112.431000 -108.094002
-11.688000 -468.627991 -124.516998
-81.614998 -706.244019 -10.119000
82.772003 147.489990 114.835999
46.236000 38.382000 171.060989
-116.089005 -530.775024 169.882996
102.693001 -845.533020 12.314000
93.588005 -905.180969 12.076000
103.487000 -697.541016 18.264000
-179.100006 -422.351990 0.458000
170.062012 -291.260986 67.643997
164.681000 -749.833984 -21.631001
90.590996 282.231995 -34.895000
-177.080002 166.550003 40.299999
134.575989 -341.920990 100.374001
181.501999 -134.520996 28.372999
154.049988 190.477005 53.061001
-167.720001 -352.614990 -67.818001
-50.208000 -776.864014 -64.928001
-286.628998 206.376007 24.925999
12.124001 -204.703995 -116.067001
-147.977997 -813.947021 -94.255997
-125.276001 -336.963013 91.899002
57.962997 -515.270020 -105.403000
-399.868011 156.942001 -42.900997
183.259995 -454.468018 0.985000
-86.940994 -762.268005 -12.036000
64.891006 -844.834961 -63.601002
-130.276001 -230.182999 79.147003
-130.233002 -492.518982 129.412994
52.404003 -585.440979 -1.769000
-137.192001 -86.227997 -61.987003
430.076996 226.609009 -11.822001
-45.198002 -512.871033 156.889008
551.456970 210.427002 -21.341999
-128.378998 -982.435974 -56.931999
9.926000 -185.596008 161.871994
59.921997 -366.286011 135.897995
-194.245987 137.989990 -41.386002
-146.703003 -532.347046 24.188002
422.433990 179.664993 -61.890999
-165.503998 -735.117004 -52.613003
2.746000 -509.174988 -42.361000
81.339996 -453.860992 -134.718994
-490.177979 248.283005 -32.857002
-112.278999 147.236008 91.395996
-96.148994 -199.936996 -110.483994
133.936996 -207.003998 100.349998
162.897003 -786.831970 -60.857002
35.041000 -475.992004 133.481003
115.514000 -446.817993 155.353989
-170.788010 79.020996 10.894000
169.384995 -203.773010 53.814999
53.042000 -754.621033 -61.319000
40.826000 194.663010 -99.991005
92.439003 244.598007 24.458000
-190.901001 -465.642975 74.651001
75.588005 -289.947998 156.097992
-132.313995 -1.156000 -36.912003
89.804001 39.633999 -75.965004
96.187004 179.744003 -100.881004
-176.493011 -157.408005 -22.849998
562.226013 243.320007 -65.639999
-153.922012 -863.614990 -73.146996
150.503998 -153.240997 76.195999
245.376007 135.635010 -4.639000
43.695000 -14.054001 165.565002
387.596985 232.722000 -56.777000
-81.557999 -471.118988 62.614998
-101.130997 165.628998 -95.324997
-81.834000 -404.755005 -129.124008
-114.217995 252.034012 45.956001
50.048000 -459.708008 27.308001
-158.190994 -656.184998 -34.425003
323.569000 176.110001 6.431000
152.609009 130.550003 -69.046997
-122.263000 235.369995 -68.297997
-123.552002 -409.476013 -97.264999
-23.948999 -290.300018 159.798996
44.766003 -539.712036 -46.700001
-144.197006 -880.176025 -23.172001
53.486000 -341.975006 -138.763992
-169.438004 -103.070999 10.612000
13.532000 -328.084991 144.363007
104.702003 -532.103027 143.085007
-50.716003 -601.431030 -59.585999
-25.541000 180.841003 78.783997
-153.862000 -180.411987 -73.841995
66.986000 -504.532990 44.578999
88.563004 -976.787964 -52.584999
-148.811005 -620.945984 -82.659996
-99.277000 -8.077999 144.509003
313.687012 229.524002 7.374000
-97.308998 -114.837997 -86.534004
-105.362000 -444.860992 159.850998
-53.645000 -664.757019 -47.951000
3.188000 -281.339996 -121.565002
106.429001 -401.174988 183.112991
-105.410004 -34.853001 -72.389000
303.401001 152.740005 -39.438999
-176.166992 -220.746994 -44.140999
191.032013 251.451996 -41.411999
106.109001 -187.278000 170.140991
97.202003 -765.609985 -99.108002
34.919003 -473.796997 -145.223999
61.028999 -240.388000 140.791000
-177.119003 207.363998 -55.640999
-595.041992 247.103012 -43.023998
84.764000 -489.196014 195.628006
-10.177999 135.429001 123.514000
26.559000 9.479000 -84.530006
-27.862000 -460.419006 35.049999
5.460000 -154.135010 -107.046997
-36.242001 -211.313995 -132.425995
-120.806999 -960.544006 -6.496000
-174.201996 -461.726990 -57.804001
-189.003998 -328.500977 -18.411999
-93.847000 100.525002 -95.888000
-17.495001 -43.706001 -85.313995
-64.125000 -307.868988 -135.378998
139.606003 -44.454002 97.308998
-140.210999 64.347000 -49.903999
-55.291000 -223.395996 135.584991
160.677002 -126.340004 -17.490000
133.123001 112.937004 107.867004
-193.681000 -527.352966 80.931999
-154.834000 -557.654053 -54.016998
204.136993 -418.759003 48.202999
-72.035995 -707.986023 -104.300003
90.655998 -752.183044 9.495999
-113.750000 -591.060974 30.396000
-61.301998 56.150002 161.975998
-136.813995 -675.606018 -105.899994
-10.899000 214.503006 -90.692001
106.448997 205.463013 59.307999
-28.807999 -394.537994 -129.879990
23.878000 -533.947021 -151.419006
254.167999 249.608994 -20.384001
-128.949997 -726.144043 -114.958000
143.389008 27.739000 -7.835000
295.933014 216.117996 -63.282997
-136.621994 -730.237000 -6.420000
182.288010 -345.108978 -14.630000
-107.068001 -352.872009 -113.375999
-55.077999 -84.239998 156.102997
120.806000 -440.764984 101.921997
-65.750000 -548.425964 -121.535004
-424.872009 220.612000 0.530000
213.682999 239.610001 21.864000
116.627998 -674.435974 -93.336998
505.393036 245.817001 -59.174999
-111.639999 -774.562988 -115.129997
173.649002 91.365005 -6.394000
-242.173996 177.987991 38.223999
507.718994 185.271988 -21.062000
-273.313995 198.952011 -47.724998
-125.485001 -69.135002 97.783997
-66.106995 -405.515991 126.469002
-38.047001 223.003006 50.299000
369.112000 161.643997 -35.781998
52.215000 -531.005981 138.866013
117.862999 -97.667999 159.941010
-121.997993 -931.575989 -84.862999
-72.912003 -67.455002 -97.153999
133.716995 -833.451965 -85.786003
133.599991 9.979000 117.983994
-72.020004 -610.106018 2.346000
-157.383987 -797.877014 -36.209999
-65.986000 -902.890991 -60.624001
118.074997 -483.152985 -95.190002
-110.573997 -461.600983 -102.206001
165.949997 -202.727997 -50.859001
-103.037994 281.029999 -28.733000
-414.375000 227.147003 -48.132999
-148.436996 -412.250000 80.840996
-140.959991 -143.115997 67.760994
47.586998 -408.342987 -147.375000
-170.421005 -471.796997 6.836000
-136.589005 -400.186005 133.875992
-129.954987 -20.276001 65.672005
57.443001 -232.584000 -119.677002
-256.520996 233.489014 -15.297000
-337.155029 191.503006 19.002001
149.636002 -398.729004 -83.148003
56.751003 -720.673035 -19.609001
-193.664993 -188.644012 26.569000
-105.963997 -249.185989 142.617004
-139.030991 -191.134003 119.488998
79.024002 -638.693970 13.320000
-148.746002 -18.940001 16.023001
-149.467010 280.385986 3.957000
154.026993 -692.903992 3.047000
167.352997 -397.493011 82.126999
139.212997 -926.208008 3.333000
-76.089005 125.254005 129.981995
367.498016 206.110992 9.089000
166.802002 -458.662018 81.407005
19.645000 -409.456024 144.875000
-160.069000 221.379990 47.826000
442.079987 234.424988 -60.796997
197.837997 -267.423004 0.284000
-1.577000 -348.615997 -125.790001
-89.838997 191.720001 74.932999
79.644997 124.482994 -104.000000
76.706001 232.930008 -90.531998
-538.369995 246.301987 -46.478001
125.228004 -340.829987 -98.467003
515.066956 198.102997 -79.452003
153.132004 -607.369995 0.866000
137.194000 -252.130005 -88.046997
71.257004 -57.235001 -97.354004
140.419998 -42.148998 -23.941000
69.724998 -929.075989 -39.345997
-135.925995 114.297005 -71.601006
104.218994 26.694000 162.501999
88.737007 -395.105011 -112.922997
-38.245998 -337.972992 151.210999
176.765991 -394.652985 -19.526999
159.016998 -13.663000 43.317001
186.500992 145.054001 17.375000
-95.990005 -533.171021 79.425995
128.720001 -886.046997 -75.125000
-345.893005 232.733994 -24.061001
219.876999 191.456009 -65.699005
345.533997 203.541992 -67.629005
25.921000 -97.102005 -101.070999
-18.645000 262.376007 -73.084999
118.458000 -981.589966 17.603001
-169.411011 -288.585999 -60.988003
193.467010 -505.055023 58.250000
-204.010986 -360.087006 58.188999
169.430008 -316.072998 -54.459000
144.710007 277.065979 -12.096000
-71.703003 -251.843002 -128.792999
-79.919006 -549.747009 33.718998
650.661011 234.588989 -21.014000
-123.591995 -285.721985 88.815002
-243.705002 133.511002 3.327000
-149.712997 -495.126984 80.150002
78.672997 -519.186951 -164.678009
-21.510000 -397.563019 173.443008
121.707001 -252.043015 123.262001
134.848999 65.024002 -55.220001
115.448997 -326.792999 164.397995
112.153000 -599.914001 40.863998
162.568008 -672.375000 -64.570999
118.014999 -549.716980 -78.280998
128.315994 -794.762024 14.458000
-107.525002 -77.073997 148.573990
135.237000 -102.232002 100.805000
61.864998 -826.991028 -12.771000
55.578999 -170.022003 -111.034996
-182.689987 -240.995010 52.062000
160.304001 -79.695000 54.264999
33.794003 60.813999 -98.522995
-109.647995 82.209000 135.996994
3.953000 -109.681999 171.673004
140.065994 241.890991 41.018002
-56.703003 -506.119019 19.997002
37.865002 98.261002 161.204987
-68.099998 -808.943970 -24.390001
-180.815002 -508.139008 -34.627998
-81.097000 -129.798996 141.100006
-467.101990 215.973999 -69.722000
-27.143000 -455.759003 179.792999
-53.110001 -727.981995 -49.750000
-142.039001 -230.418991 -91.715004
656.907959 216.858994 -71.472000
-208.942001 222.949997 33.155003
26.493999 135.842987 -106.833000
55.368999 -86.445000 157.664001
-108.451004 -295.610016 -113.886993
134.868988 -509.740997 89.965004
-71.578003 254.391022 -78.689003
54.455002 -665.726990 -50.053997
-234.791992 -508.382019 32.709000
72.495995 -708.387024 -83.267006
-62.431000 -464.274994 131.406998
190.491013 -210.860992 3.076000
-40.952999 1.225000 -84.404999
160.105011 -836.377991 -23.018002
163.776001 -556.629028 -27.264999
124.742996 -144.942001 124.735001
251.392990 200.718994 26.533001
132.750000 -936.697021 -52.280003
-106.315002 -531.843994 -54.984001
-83.953003 -644.137024 -100.605003
-88.558998 -868.112000 -98.750999
-155.410004 -65.042000 48.613998
-625.092957 212.697998 -65.846001
117.161995 -45.543999 158.623001
106.641998 -11.488000 -54.084000
221.494003 -375.725006 16.108000
-150.397003 -595.817993 -16.922998
-222.714005 -441.080017 37.239998
-1.380000 -243.806000 156.763000
-153.660995 29.063000 31.475000
156.846008 141.013000 67.446999
-365.938019 194.011002 -56.706997
149.494003 192.063995 -75.437004
-71.924004 -819.073975 -99.000999
136.701996 61.319000 127.617996
454.729004 164.621002 -26.018999
-50.248001 291.027985 -42.022999
52.829002 273.869019 15.094000
600.427979 204.693008 -71.363998
198.332993 144.888000 -45.972000
-760.166992 200.048004 -56.930000
-748.935974 220.750000 -11.153001
-717.403015 216.116989 -83.977997
-713.044983 184.294998 -26.768999
750.324036 184.800003 -24.132000
-733.089050 254.009995 -48.590000
758.129028 230.233002 -43.806999
722.580017 195.656998 -72.630005
-272.139008 146.684998 -40.835999
697.215027 189.785004 -27.671000
-679.013000 241.269012 -31.273001
706.809998 247.522003 -34.968998
-53.709000 -508.243988 -89.155998
42.938999 -504.180023 -6.539000
-119.806000 -643.935974 3.771000
-6.837000 273.687988 48.542999
46.574001 321.985016 29.941000
-46.920002 322.703003 -1.724000
44.601997 314.273010 -21.421000
0.097000 314.867004 77.554001
-0.437000 331.791016 -44.900997
-44.629002 345.490021 79.940002
52.250000 361.641998 84.755005
-42.955997 362.235992 -38.284000
1.941000 365.960999 112.929001
48.338001 365.518982 -18.564999
-65.278999 378.511017 21.431999
11.330000 379.102997 -69.964996
67.450005 392.845978 24.153000
-51.252998 398.255005 86.598000
6.588000 416.832001 109.439003
-72.927002 404.377991 -26.913000
-22.139999 404.708008 -104.019005
61.168999 416.541016 -55.830002
55.946999 430.458984 81.119003
-81.756004 427.705994 35.163002
17.327999 430.543976 -86.386002
77.964996 442.391022 -10.499000
-55.293003 442.088013 -65.153000
-29.531000 455.478027 92.338005
-77.229004 458.032013 -20.612999
52.886002 466.548004 -64.230003
71.085999 467.245026 35.085999
34.236000 477.856995 88.466003
-62.194000 476.875000 47.816002
-17.651999 470.437988 -97.664001
67.039001 493.368011 -16.514000
-51.659000 493.569000 -50.769001
-13.888000 503.212982 72.858994
38.164001 512.965027 40.252998
2.593000 505.707031 -62.762997
-48.855000 516.188049 12.026000
10.055000 528.473022 -5.254000
