0
3
6
9
14
17
20
23
26
29
32
36
37
39
42
45
48
61
64
66
83
95
98
122
194
200
210
212
214
220
225
240
244
252
255
261
264
269
276
279
284
287
290
293
296
300
306
309
313
315
318
321
324
327
331
334
340
342
345
348
351
354
357
360
365
368
371
377
380
383
386
389
392
395
400
402
407
412
415
418
421
425
427
432
435
440
444
450
455
459
462
465
468
471
480
481
488
491
494
497
501
503
506
513
519
522
524
532
536
538
541
544
549
553
558
561
564
567
570
575
579
582
585
588
591
594
597
600
603
613
615
621
631
643
646
649
659
663
667
676
678
681
686
689
693
699
702
710
713
716
729
736
739
748
758
759
770
773
776
782
784
787
790
796
799
804
808
815
821
823
828
831
838
841
851
856
863
867
875
878
887
890
892
899
905
911
912
919
921
923
930
938
955
957
965
968
975
986
991
996
1003
1007
1016
1019
1027
1030
1034
1041
1052
1058
1066
1069
1082
1087
1097
1101
1114
1119
1124
1130
1139
1157
1164
1167
1176
1184
1185
1191
1198
1205
1208
1229
1236
1242
1245
1249
1251
1258
1260
1269
1278
1281
1287
1290
1294
1301
1310
1313
1322
1340
1345
1355
1370
1372
1383
1397
1401
1408
1411
1427
1428
1445
1458
1474
1485
1494
1500
1529
1564
1572
1587
1590
1600
1613
1626
1633
1666
1679
1688
1696
1704
1717
1731
1736
1748
1762
1768
1778
1801
1808
1837
1856
1864
1905
1909
1917
1927
1953
1956
1961
1972
1981
1993
2008
2027
2042
2044
2064
2086
2103
2125
2148
2182
2191
2209
2251
2254
2271
2288
2290
2296
2344
2349
2371
2385
2409
2425
2433
2442
2556
2572
2599
2609
2629
2661
2675
2696
2700
2716
2738
2760
2766
2782
2818
2836
2904
2913
2994
3046
3068
3086
3096
3107
3135
3137
3142
3214
3231
3245
3283
3334
3350
3360
3469
3568
3584
3667
3689
3711
3721
3732
3734
3905
3910
4011
4022
4044
4065
4068
4113
4120
4124
4144
4184
4196
4212
4245
4289
4303
4335
4345
4395
4399
4518
4536
4551
4553
4562
4567
4601
4614
4623
4632
4633
4641
4674
4695
4717
4744
4756
4759
4773
4814
4821
4830
4844
4849
4864
4881
4900
4904
4909
4922
4945
4969
4984
5005
5007
5019
5043
5105
