4
5
6
7
8
9
10
11
12
24
25
26
285
286
287
288
289
290
307
308
309
322
323
324
338
339
340
341
342
343
344
345
375
376
377
393
394
395
408
409
410
422
423
424
425
426
427
441
442
443
444
456
457
458
459
472
473
474
489
490
491
501
502
503
510
511
512
519
520
521
536
537
538
556
557
558
559
560
561
580
581
582
583
584
585
601
602
603
604
605
606
607
608
635
636
637
663
682
683
684
685
686
714
715
716
717
718
719
720
721
722
723
724
725
726
727
728
734
735
736
740
741
742
743
744
745
746
747
755
756
757
758
759
760
761
762
805
806
807
813
816
817
818
820
821
822
826
849
850
851
856
857
858
859
864
879
880
881
913
914
915
919
920
921
929
930
931
932
933
934
935
945
946
947
961
962
976
977
982
983
984
992
993
994
995
1000
1001
1010
1011
1034
1035
1036
1037
1038
1042
1043
1044
1048
1049
1084
1085
1086
1087
1088
1089
1090
1092
1093
1094
1095
1096
1097
1098
1099
1105
1106
1115
1116
1118
1119
1120
1121
1122
1137
1138
1139
1146
1147
1148
1163
1180
1181
1197
1198
1199
1200
1201
1217
1218
1225
1226
1227
1228
1229
1230
1231
1232
1233
1234
1235
1236
1255
1256
1257
1277
1278
1279
1280
1281
1282
1283
1284
1300
1301
1302
1303
1304
1306
1307
1308
1309
1310
1314
1315
1316
1319
1320
1322
1323
1337
1338
1339
1340
1341
1342
1343
1347
1348
1361
1362
1363
1378
1379
1384
1385
1386
1389
1390
1394
1395
1396
1397
1407
1408
1409
1410
1411
1418
1423
1424
1425
1432
1433
1437
1438
1439
1440
1441
1442
1443
1453
1454
1455
1463
1466
1474
1475
1476
1483
1484
1485
1490
1491
1512
1513
1514
1521
1522
1529
1530
1531
1532
1533
1534
1535
1536
1543
1544
1545
1551
1555
1556
1557
1564
1565
1566
1569
1578
1579
1580
1581
1582
1591
1592
1593
1594
1595
1596
1600
1601
1602
1605
1606
1621
1622
1623
1624
1625
1626
1633
1635
1636
1637
1647
1656
1657
1658
1674
1675
1679
1680
1681
1682
1685
1686
1694
1700
1701
1707
1708
1709
1719
1720
1721
1727
1728
1741
1742
1743
1766
1767
1768
1769
1770
1771
1773
1774
1775
1776
1779
1780
1781
1782
1791
1795
1796
1798
1801
1802
1823
1824
1825
1832
1857
1858
1859
1860
1871
1872
1873
1877
1878
1879
1880
1881
1882
1883
1884
1888
1889
1890
1891
1892
1893
1894
1895
1896
1898
1905
1936
1937
1938
1943
1944
1961
1962
1963
1964
1973
1974
1975
1979
1980
1981
1982
1983
1984
1990
1994
1995
1996
1997
1998
1999
2017
2018
2021
2022
2031
2032
2033
2034
2036
2037
2038
2049
2059
2060
2061
2064
2065
2068
2069
2070
2071
2072
2073
2074
2075
2076
2090
2091
2092
2093
2097
2098
2099
2100
2101
2102
2103
2104
2105
2119
2120
2121
2126
2127
2128
2129
2130
2133
2134
2135
2142
2143
2148
2149
2150
2151
2152
2153
2154
2155
2156
2157
2158
2159
2162
2163
2176
2177
2178
2182
2183
2184
2187
2197
2198
2206
2208
2209
2210
2211
2212
2216
2223
2228
2229
2230
2244
2245
2246
2258
2259
2263
2264
2275
2276
2277
2278
2279
2280
2286
2294
2300
2301
2302
2303
2309
2310
2311
2312
2313
2314
2315
2318
2333
2358
2371
2372
2373
2377
2378
2379
2381
2382
2383
2384
2387
2389
2390
2395
2396
2400
2401
2412
2413
2423
2424
2447
2448
2459
2460
2461
2462
2463
2480
2483
2484
2485
2486
2496
2498
2502
2503
2512
2513
2514
2515
2516
2518
2519
2520
2541
2542
2546
2547
2551
2556
2570
2575
2585
2586
2589
2590
2610
2611
2614
2615
2628
2629
2638
2639
2640
2648
2650
2651
2652
2653
2654
2655
2656
2664
2665
2666
2667
2668
2671
2672
2673
2674
2675
2676
2677
2679
2680
2681
2682
2688
2689
2693
2699
2700
2703
2705
2706
2713
2714
2716
2730
2731
2733
2734
2735
2736
2737
2738
2742
2743
2744
2745
2750
2755
2756
2758
2759
2764
2765
2766
2774
2775
2776
2781
2782
2783
2784
2786
2798
2801
2802
2803
2810
2811
2817
2818
2819
2820
2832
2835
2841
2842
2843
2851
2852
2853
2854
2866
2867
2872
2873
2875
2876
2877
2878
2879
2880
2887
2888
2893
2894
2895
2897
2898
2908
2913
2914
2915
2916
2917
2918
2919
2924
2925
2941
2942
2946
2947
2954
2963
2964
2967
2969
2976
2977
2978
2979
2981
2988
2989
2991
2998
2999
3000
3001
3007
3008
3020
3021
3025
3026
3044
3047
3048
3049
3053
3054
3062
3063
3064
3065
3066
3073
3077
3079
3088
3090
3091
3092
3099
3103
3111
3113
3117
3119
3130
3131
3132
3135
3151
3152
3153
3159
3161
3162
3163
3166
3167
3168
3170
3171
3178
3183
3184
3191
3195
3198
3199
3200
3205
3207
3208
3209
3214
3217
3218
3231
3234
3237
3238
3240
3241
3242
3253
3256
3257
3263
3266
3267
3268
3269
3270
3276
3280
3281
3282
3289
3290
3291
3296
3298
3300
3302
3303
3304
3305
3306
3307
3308
3309
3310
3311
3312
3315
3322
3323
3339
3342
3343
3363
3365
3367
3368
3370
3384
3385
3388
3391
3392
3395
3396
3397
3402
3403
3405
3415
3416
3417
3427
3429
3430
3431
3432
3433
3436
3438
3444
3445
3446
3447
3452
3459
3463
3469
3470
3471
3479
3480
3484
3485
3488
3489
3490
3491
3492
3494
3496
3499
3500
3501
3508
3510
3511
3512
3513
3519
3522
3525
3527
3545
3547
3552
3557
3566
3571
3572
3578
3581
3582
3583
3584
3585
3586
3587
3588
3589
3591
3592
3594
3597
3598
3599
3600
3601
3602
3604
3606
3614
3615
3616
3617
3622
3623
3624
3625
3626
3637
3650
3653
3655
3659
3661
3664
3668
3669
3670
3671
3672
3673
3674
3675
3677
3685
3688
3689
3691
3692
3693
3708
3709
3710
3713
3720
3721
3723
3731
3732
3736
3737
3738
3739
3740
3741
3751
3752
3763
3764
3766
3767
3773
3774
3779
3784
3785
3789
3790
3791
3792
3794
3796
3798
3812
3813
3825
3832
3845
3852
3854
3855
3857
3864
3867
3868
3871
3872
3873
3874
3875
3879
3886
3887
3893
3896
3898
3899
3900
3904
3905
3908
3912
3913
3914
3915
3925
3927
3939
3943
3944
3946
3949
3950
3951
3954
3959
3961
3962
3978
3980
3981
3983
3985
3991
3992
3993
3997
4003
4004
4006
4018
4019
4021
4028
4042
4047
4059
4266
4357
4361
4362
4376
4377
4384
4403
4405
4406
4409
4415
4418
4422
4423
4426
4429
4430
4431
4432
4433
4434
4435
4436
4437
4438
4442
4443
4444
4445
4446
4447
4448
4450
4451
4452
4453
4454
4455
4456
4458
4460
4461
4462
4463
4464
4465
4466
4467
4468
4469
4470
4471
4472
4473
4474
4475
4476
4478
4479
4481
4482
4483
4484
4485
4486
4487
4488
